Cu und Si 17.11.2020 Brinz Vanelli

17.11.2020 15:43

Zeit [s]	Temperatur [K]	R_Probe_1 [Ohm]	R_Thermom [Ohm]	R_Probe_2 [Ohm]	
0.000000E+0	5.161851E+0	1.693000E-2	7.180900E+0	1.024600E+6
9.996037E-1	5.160423E+0	1.708000E-2	7.181290E+0	1.024600E+6
1.999974E+0	5.159435E+0	1.708000E-2	7.181560E+0	1.024600E+6
2.999393E+0	5.152711E+0	1.704000E-2	7.183400E+0	1.024600E+6
3.999459E+0	5.166321E+0	1.690000E-2	7.179680E+0	1.024600E+6
4.999282E+0	5.171459E+0	1.696000E-2	7.178280E+0	1.024600E+6
5.999798E+0	5.151397E+0	1.693000E-2	7.183760E+0	1.024600E+6
6.999817E+0	5.160057E+0	1.677000E-2	7.181390E+0	1.024600E+6
7.999891E+0	5.167275E+0	3.789000E-2	7.179420E+0	1.024600E+6
8.999908E+0	5.157460E+0	3.784000E-2	7.182100E+0	1.024600E+6
1.000034E+1	5.160899E+0	3.847000E-2	7.181160E+0	1.024600E+6
1.099991E+1	5.157753E+0	3.839000E-2	7.182020E+0	1.024600E+6
1.199993E+1	5.154902E+0	3.817000E-2	7.182800E+0	1.024600E+6
1.300024E+1	5.152893E+0	3.849000E-2	7.183350E+0	1.024600E+6
1.400039E+1	5.155852E+0	3.840000E-2	7.182540E+0	1.024600E+6
1.500002E+1	5.160643E+0	3.816000E-2	7.181230E+0	1.024600E+6
1.599967E+1	5.161009E+0	3.806000E-2	7.181130E+0	1.024600E+6
1.700069E+1	5.162547E+0	3.852000E-2	7.180710E+0	1.024600E+6
1.800121E+1	5.160533E+0	3.845000E-2	7.181260E+0	1.024600E+6
1.900159E+1	5.160716E+0	3.792000E-2	7.181210E+0	1.024600E+6
2.000178E+1	5.160497E+0	3.838000E-2	7.181270E+0	1.024600E+6
2.100177E+1	5.158813E+0	3.810000E-2	7.181730E+0	1.024600E+6
2.200344E+1	5.157972E+0	3.805000E-2	7.181960E+0	1.024600E+6
2.300302E+1	5.160387E+0	3.802000E-2	7.181300E+0	1.024600E+6
2.400343E+1	5.161668E+0	3.824000E-2	7.180950E+0	1.024600E+6
2.500263E+1	5.161046E+0	3.843000E-2	7.181120E+0	1.024600E+6
2.600329E+1	5.162400E+0	3.860000E-2	7.180750E+0	1.024600E+6
2.700301E+1	5.160167E+0	3.831000E-2	7.181360E+0	1.024600E+6
2.800286E+1	5.161448E+0	3.805000E-2	7.181010E+0	1.024600E+6
2.900303E+1	5.164855E+0	3.845000E-2	7.180080E+0	1.024600E+6
3.000298E+1	5.164122E+0	3.826000E-2	7.180280E+0	1.024600E+6
3.100310E+1	5.156729E+0	3.829000E-2	7.182300E+0	1.024600E+6
3.200298E+1	5.160204E+0	3.861000E-2	7.181350E+0	1.024600E+6
3.300303E+1	5.159655E+0	3.830000E-2	7.181500E+0	1.024600E+6
3.400315E+1	5.162547E+0	3.822000E-2	7.180710E+0	1.024600E+6
3.500294E+1	5.165295E+0	3.797000E-2	7.179960E+0	1.024600E+6
3.600230E+1	5.162803E+0	3.804000E-2	7.180640E+0	1.024600E+6
3.700265E+1	5.162364E+0	3.820000E-2	7.180760E+0	1.024600E+6
3.800299E+1	5.160057E+0	3.801000E-2	7.181390E+0	1.024600E+6
3.900290E+1	5.169513E+0	3.823000E-2	7.178810E+0	1.024600E+6
4.000293E+1	5.164782E+0	3.816000E-2	7.180100E+0	1.024600E+6
4.100277E+1	5.162730E+0	3.831000E-2	7.180660E+0	1.024600E+6
4.300272E+1	5.176348E+0	2.157000E-2	7.176950E+0	1.024600E+6
4.400244E+1	5.166211E+0	2.286000E-2	7.179710E+0	1.024600E+6
4.500246E+1	5.160314E+0	3.971000E-2	7.181320E+0	1.024600E+6
4.600288E+1	5.155377E+0	3.913000E-2	7.182670E+0	1.024600E+6
4.700326E+1	5.149974E+0	3.780000E-2	7.184150E+0	1.024600E+6
4.800377E+1	5.142469E+0	3.775000E-2	7.186210E+0	1.024600E+6
4.900358E+1	5.134656E+0	3.801000E-2	7.188360E+0	1.024600E+6
5.000292E+1	5.135890E+0	3.802000E-2	7.188020E+0	1.024600E+6
5.100291E+1	5.136326E+0	3.806000E-2	7.187900E+0	1.024600E+6
5.200294E+1	5.111622E+0	3.782000E-2	7.194730E+0	1.024600E+6
5.300314E+1	5.140141E+0	3.787000E-2	7.186850E+0	1.024600E+6
5.400366E+1	4.973474E+0	3.824000E-2	7.233960E+0	1.024600E+6
5.500307E+1	5.125921E+0	3.828000E-2	7.190770E+0	1.024600E+6
5.600334E+1	5.124654E+0	3.804000E-2	7.191120E+0	1.024600E+6
5.700330E+1	5.121762E+0	3.833000E-2	7.191920E+0	1.024600E+6
5.800336E+1	5.150412E+0	3.829000E-2	7.184030E+0	1.024600E+6
5.900334E+1	4.766837E+0	3.819000E-2	7.296140E+0	1.024600E+6
6.000273E+1	4.919307E+0	3.825000E-2	7.249840E+0	1.024600E+6
6.100341E+1	5.056923E+0	3.803000E-2	7.210050E+0	1.024600E+6
6.200347E+1	4.907837E+0	3.828000E-2	7.253240E+0	1.024600E+6
6.300444E+1	5.163243E+0	3.843000E-2	7.180520E+0	1.024600E+6
6.400438E+1	5.277736E+0	3.841000E-2	7.149830E+0	1.024600E+6
6.500383E+1	5.040055E+0	3.843000E-2	7.214830E+0	1.024600E+6
6.600415E+1	5.122882E+0	3.832000E-2	7.191610E+0	1.024600E+6
6.700346E+1	5.403819E+0	3.845000E-2	7.117290E+0	1.024600E+6
6.800421E+1	6.339731E+0	3.885000E-2	6.910100E+0	1.024600E+6
6.900355E+1	5.295452E+0	3.856000E-2	7.145180E+0	1.024600E+6
7.000365E+1	5.111406E+0	3.875000E-2	7.194790E+0	1.024600E+6
7.100416E+1	5.080938E+0	3.849000E-2	7.203290E+0	1.024600E+6
7.200363E+1	5.112306E+0	3.863000E-2	7.194540E+0	1.024600E+6
7.300400E+1	5.105576E+0	3.866000E-2	7.196410E+0	1.024600E+6
7.400323E+1	5.108273E+0	3.863000E-2	7.195660E+0	1.024600E+6
7.500316E+1	5.115948E+0	3.868000E-2	7.193530E+0	1.024600E+6
7.600333E+1	5.075700E+0	3.859000E-2	7.204760E+0	1.024600E+6
7.700345E+1	6.015773E+0	3.845000E-2	6.975710E+0	1.024600E+6
7.800353E+1	5.286182E+0	3.822000E-2	7.147610E+0	1.024600E+6
7.900347E+1	4.698586E+0	3.842000E-2	7.317670E+0	1.024600E+6
8.000361E+1	5.077018E+0	3.803000E-2	7.204390E+0	1.024600E+6
8.100397E+1	5.087222E+0	3.842000E-2	7.201530E+0	1.024600E+6
8.200391E+1	5.210265E+0	3.832000E-2	7.167780E+0	1.024600E+6
8.300379E+1	5.153587E+0	3.845000E-2	7.183160E+0	1.024600E+6
8.400369E+1	5.128564E+0	3.839000E-2	7.190040E+0	1.024600E+6
8.500332E+1	5.144398E+0	3.839000E-2	7.185680E+0	1.024600E+6
8.600338E+1	5.110505E+0	3.831000E-2	7.195040E+0	1.024600E+6
8.700324E+1	5.109101E+0	3.843000E-2	7.195430E+0	1.024600E+6
8.800342E+1	5.126934E+0	3.819000E-2	7.190490E+0	1.024600E+6
8.900365E+1	5.081188E+0	3.839000E-2	7.203220E+0	1.024600E+6
9.000279E+1	5.127441E+0	3.825000E-2	7.190350E+0	1.024600E+6
9.100301E+1	4.941700E+0	3.835000E-2	7.243240E+0	1.024600E+6
9.200338E+1	5.125269E+0	3.831000E-2	7.190950E+0	1.024600E+6
9.300359E+1	5.117463E+0	3.842000E-2	7.193110E+0	1.024600E+6
9.400333E+1	5.197757E+0	3.821000E-2	7.171150E+0	1.024600E+6
9.500281E+1	5.340701E+0	3.817000E-2	7.133420E+0	1.024600E+6
9.600282E+1	5.525225E+0	3.813000E-2	7.087130E+0	1.024600E+6
9.700332E+1	5.620012E+0	3.806000E-2	7.064340E+0	1.024600E+6
9.800296E+1	5.968404E+0	3.802000E-2	6.985800E+0	1.024600E+6
9.900319E+1	6.067845E+0	3.800000E-2	6.964770E+0	1.024600E+6
1.000033E+2	6.384354E+0	3.799000E-2	6.901500E+0	1.024600E+6
1.010030E+2	6.618550E+0	3.801000E-2	6.857960E+0	1.024600E+6
1.020028E+2	6.769594E+0	3.808000E-2	6.831220E+0	1.024600E+6
1.030030E+2	6.806311E+0	3.791000E-2	6.824870E+0	1.024600E+6
1.040031E+2	6.929239E+0	3.786000E-2	6.804020E+0	1.024600E+6
1.050026E+2	7.019561E+0	3.801000E-2	6.789090E+0	1.024600E+6
1.060026E+2	7.109243E+0	3.812000E-2	6.774580E+0	1.024600E+6
1.070032E+2	7.330134E+0	3.809000E-2	6.740110E+0	1.024600E+6
1.080032E+2	7.546613E+0	3.794000E-2	6.707970E+0	1.024600E+6
1.090031E+2	8.651779E+0	3.809000E-2	6.565100E+0	1.024600E+6
1.100031E+2	7.250918E+0	3.807000E-2	6.752270E+0	1.024600E+6
1.110027E+2	7.345676E+0	3.825000E-2	6.737750E+0	1.024600E+6
1.120029E+2	7.569721E+0	3.808000E-2	6.704630E+0	1.024600E+6
1.130030E+2	7.593155E+0	3.808000E-2	6.701260E+0	1.024600E+6
1.140029E+2	7.684914E+0	3.818000E-2	6.688230E+0	1.024600E+6
1.150029E+2	7.720258E+0	3.805000E-2	6.683280E+0	1.024600E+6
1.160023E+2	7.797808E+0	3.816000E-2	6.672550E+0	1.024600E+6
1.170023E+2	7.892254E+0	3.817000E-2	6.659720E+0	1.024600E+6
1.180027E+2	7.884379E+0	3.827000E-2	6.660780E+0	1.024600E+6
1.190020E+2	8.012120E+0	3.816000E-2	6.643800E+0	1.024600E+6
1.200025E+2	7.878815E+0	3.813000E-2	6.661530E+0	1.024600E+6
1.210036E+2	7.893964E+0	3.822000E-2	6.659490E+0	1.024600E+6
1.220032E+2	8.021889E+0	3.812000E-2	6.642520E+0	1.024600E+6
1.230031E+2	8.159977E+0	3.810000E-2	6.624700E+0	1.024600E+6
1.240036E+2	8.226923E+0	3.799000E-2	6.616240E+0	1.024600E+6
1.250035E+2	8.292848E+0	3.807000E-2	6.608020E+0	1.024600E+6
1.260039E+2	8.268847E+0	3.808000E-2	6.611000E+0	1.024600E+6
1.270043E+2	8.330613E+0	3.806000E-2	6.603360E+0	1.024600E+6
1.280043E+2	8.384097E+0	3.788000E-2	6.596820E+0	1.024600E+6
1.290042E+2	8.409153E+0	3.827000E-2	6.593780E+0	1.024600E+6
1.300042E+2	8.476271E+0	3.783000E-2	6.585710E+0	1.024600E+6
1.310043E+2	8.509448E+0	3.795000E-2	6.581760E+0	1.024600E+6
1.320042E+2	8.547848E+0	3.799000E-2	6.577220E+0	1.024600E+6
1.330040E+2	8.595782E+0	3.792000E-2	6.571600E+0	1.024600E+6
1.340043E+2	8.641482E+0	3.816000E-2	6.566290E+0	1.024600E+6
1.350042E+2	8.686017E+0	3.769000E-2	6.561160E+0	1.024600E+6
1.360041E+2	8.724431E+0	3.782000E-2	6.556770E+0	1.024600E+6
1.370041E+2	8.780407E+0	3.803000E-2	6.550430E+0	1.024600E+6
1.380041E+2	8.848924E+0	3.779000E-2	6.542760E+0	1.024600E+6
1.390041E+2	8.855941E+0	3.784000E-2	6.541980E+0	1.024600E+6
1.400040E+2	8.890261E+0	3.773000E-2	6.538180E+0	1.024600E+6
1.410041E+2	8.929271E+0	3.782000E-2	6.533890E+0	1.024600E+6
1.420040E+2	8.975372E+0	3.769000E-2	6.528860E+0	1.024600E+6
1.430039E+2	9.001020E+0	3.777000E-2	6.526080E+0	1.024600E+6
1.440042E+2	9.042795E+0	3.774000E-2	6.521580E+0	1.024600E+6
1.450040E+2	9.077290E+0	3.783000E-2	6.517890E+0	1.024600E+6
1.460039E+2	9.118235E+0	3.790000E-2	6.513540E+0	1.024600E+6
1.470036E+2	9.124285E+0	3.793000E-2	6.512900E+0	1.024600E+6
1.480033E+2	9.177409E+0	3.841000E-2	6.507310E+0	1.024600E+6
1.490037E+2	9.209684E+0	3.784000E-2	6.503940E+0	1.024600E+6
1.500038E+2	9.258302E+0	3.818000E-2	6.498900E+0	1.024600E+6
1.510038E+2	9.313114E+0	3.826000E-2	6.493270E+0	1.024600E+6
1.520037E+2	9.331144E+0	3.820000E-2	6.491430E+0	1.024600E+6
1.530036E+2	9.368266E+0	3.824000E-2	6.487660E+0	1.024600E+6
1.540037E+2	9.399073E+0	3.810000E-2	6.484550E+0	1.024600E+6
1.550036E+2	9.431646E+0	3.806000E-2	6.481280E+0	1.024600E+6
1.560037E+2	9.464706E+0	3.794000E-2	6.477980E+0	1.024600E+6
1.570037E+2	9.491595E+0	3.790000E-2	6.475310E+0	1.024600E+6
1.580036E+2	9.532927E+0	3.779000E-2	6.471230E+0	1.024600E+6
1.590035E+2	9.564734E+0	3.774000E-2	6.468110E+0	1.024600E+6
1.600038E+2	9.579576E+0	3.793000E-2	6.466660E+0	1.024600E+6
1.610036E+2	9.628152E+0	3.798000E-2	6.461940E+0	1.024600E+6
1.620035E+2	9.652073E+0	3.781000E-2	6.459630E+0	1.024600E+6
1.630035E+2	9.676926E+0	3.802000E-2	6.457240E+0	1.024600E+6
1.640036E+2	9.703455E+0	3.768000E-2	6.454700E+0	1.024600E+6
1.650035E+2	9.727369E+0	3.794000E-2	6.452420E+0	1.024600E+6
1.660036E+2	9.761309E+0	3.807000E-2	6.449200E+0	1.024600E+6
1.670030E+2	9.780155E+0	3.791000E-2	6.447420E+0	1.024600E+6
1.680034E+2	9.815998E+0	3.835000E-2	6.444050E+0	1.024600E+6
1.690029E+2	9.841014E+0	3.825000E-2	6.441710E+0	1.024600E+6
1.700032E+2	9.861510E+0	3.802000E-2	6.439800E+0	1.024600E+6
1.710029E+2	9.887796E+0	3.807000E-2	6.437360E+0	1.024600E+6
1.720033E+2	9.911703E+0	3.811000E-2	6.435150E+0	1.024600E+6
1.730027E+2	9.940279E+0	3.815000E-2	6.432520E+0	1.024600E+6
1.740029E+2	9.965160E+0	3.815000E-2	6.430240E+0	1.024600E+6
1.750031E+2	9.986632E+0	3.802000E-2	6.428280E+0	1.024600E+6
1.760032E+2	1.001281E+1	3.826000E-2	6.425900E+0	1.024600E+6
1.770026E+2	1.003489E+1	3.792000E-2	6.423900E+0	1.024600E+6
1.780031E+2	1.006038E+1	3.803000E-2	6.421600E+0	1.024600E+6
1.790030E+2	1.009380E+1	3.806000E-2	6.418600E+0	1.024600E+6
1.800032E+2	1.011214E+1	3.825000E-2	6.416960E+0	1.024600E+6
1.810025E+2	1.013773E+1	3.812000E-2	6.414680E+0	1.024600E+6
1.820025E+2	1.015609E+1	3.820000E-2	6.413050E+0	1.024600E+6
1.830030E+2	1.017213E+1	3.833000E-2	6.411630E+0	1.024600E+6
1.840029E+2	1.019514E+1	3.836000E-2	6.409600E+0	1.024600E+6
1.850025E+2	1.022484E+1	3.818000E-2	6.406990E+0	1.024600E+6
1.860028E+2	1.023168E+1	3.825000E-2	6.406390E+0	1.024600E+6
1.870029E+2	1.025101E+1	3.816000E-2	6.404700E+0	1.024600E+6
1.880029E+2	1.027316E+1	3.831000E-2	6.402770E+0	1.024600E+6
1.890027E+2	1.028939E+1	3.838000E-2	6.401360E+0	1.024600E+6
1.900029E+2	1.031375E+1	3.846000E-2	6.399250E+0	1.024600E+6
1.910030E+2	1.032974E+1	3.828000E-2	6.397870E+0	1.024600E+6
1.920030E+2	1.035181E+1	3.827000E-2	6.395970E+0	1.024600E+6
1.930027E+2	1.037467E+1	3.826000E-2	6.394010E+0	1.024600E+6
1.940027E+2	1.039608E+1	3.819000E-2	6.392180E+0	1.024600E+6
1.950027E+2	1.041792E+1	3.835000E-2	6.390320E+0	1.024600E+6
1.960024E+2	1.044408E+1	3.832000E-2	6.388100E+0	1.024600E+6
1.970026E+2	1.046158E+1	3.832000E-2	6.386620E+0	1.024600E+6
1.980029E+2	1.048293E+1	3.822000E-2	6.384820E+0	1.024600E+6
1.990025E+2	1.049887E+1	3.823000E-2	6.383480E+0	1.024600E+6
2.000029E+2	1.053016E+1	3.826000E-2	6.380860E+0	1.024600E+6
2.010021E+2	1.053423E+1	3.828000E-2	6.380520E+0	1.024600E+6
2.020022E+2	1.054850E+1	3.815000E-2	6.379330E+0	1.024600E+6
2.030023E+2	1.056773E+1	3.834000E-2	6.377730E+0	1.024600E+6
2.040024E+2	1.059475E+1	3.837000E-2	6.375490E+0	1.024600E+6
2.050021E+2	1.060261E+1	3.815000E-2	6.374840E+0	1.024600E+6
2.060020E+2	1.061922E+1	3.819000E-2	6.373470E+0	1.024600E+6
2.070024E+2	1.063428E+1	3.832000E-2	6.372230E+0	1.024600E+6
2.080020E+2	1.064987E+1	3.823000E-2	6.370950E+0	1.024600E+6
2.090023E+2	1.066892E+1	3.820000E-2	6.369390E+0	1.024600E+6
2.100023E+2	1.068704E+1	3.849000E-2	6.367910E+0	1.024600E+6
2.110022E+2	1.070140E+1	3.825000E-2	6.366740E+0	1.024600E+6
2.120025E+2	1.071284E+1	3.835000E-2	6.365810E+0	1.024600E+6
2.130022E+2	1.073269E+1	3.823000E-2	6.364200E+0	1.024600E+6
2.140021E+2	1.072935E+1	3.820000E-2	6.364470E+0	1.024600E+6
2.150016E+2	1.075668E+1	3.827000E-2	6.362260E+0	1.024600E+6
2.160017E+2	1.076847E+1	3.831000E-2	6.361310E+0	1.024600E+6
2.170022E+2	1.078562E+1	3.831000E-2	6.359930E+0	1.024600E+6
2.180020E+2	1.079745E+1	3.812000E-2	6.358980E+0	1.024600E+6
2.190019E+2	1.080731E+1	3.814000E-2	6.358190E+0	1.024600E+6
2.200021E+2	1.082557E+1	3.837000E-2	6.356730E+0	1.024600E+6
2.210018E+2	1.083396E+1	3.850000E-2	6.356060E+0	1.024600E+6
2.220016E+2	1.084061E+1	3.825000E-2	6.355530E+0	1.024600E+6
2.230016E+2	1.086248E+1	3.828000E-2	6.353790E+0	1.024600E+6
2.240016E+2	1.087912E+1	3.862000E-2	6.352470E+0	1.024600E+6
2.250015E+2	1.088481E+1	3.835000E-2	6.352020E+0	1.024600E+6
2.260019E+2	1.090188E+1	3.823000E-2	6.350670E+0	1.024600E+6
2.270016E+2	1.091329E+1	3.839000E-2	6.349770E+0	1.024600E+6
2.280018E+2	1.092256E+1	3.854000E-2	6.349040E+0	1.024600E+6
2.290021E+2	1.093693E+1	3.824000E-2	6.347910E+0	1.024600E+6
2.300018E+2	1.095746E+1	3.844000E-2	6.346300E+0	1.024600E+6
2.310018E+2	1.096142E+1	3.838000E-2	6.345990E+0	1.024600E+6
2.320017E+2	1.098395E+1	3.836000E-2	6.344230E+0	1.024600E+6
2.330015E+2	1.098485E+1	3.828000E-2	6.344160E+0	1.024600E+6
2.340020E+2	1.099126E+1	3.840000E-2	6.343660E+0	1.024600E+6
2.350012E+2	1.100488E+1	3.856000E-2	6.342600E+0	1.024600E+6
2.360019E+2	1.101582E+1	3.837000E-2	6.341750E+0	1.024600E+6
2.370015E+2	1.102794E+1	3.837000E-2	6.340810E+0	1.024600E+6
2.380019E+2	1.103737E+1	3.822000E-2	6.340080E+0	1.024600E+6
2.390012E+2	1.104810E+1	3.841000E-2	6.339250E+0	1.024600E+6
2.400019E+2	1.105574E+1	3.835000E-2	6.338660E+0	1.024600E+6
2.410013E+2	1.107911E+1	3.826000E-2	6.336860E+0	1.024600E+6
2.420018E+2	1.108926E+1	3.834000E-2	6.336080E+0	1.024600E+6
2.430015E+2	1.109238E+1	3.834000E-2	6.335840E+0	1.024600E+6
2.440010E+2	1.111222E+1	3.848000E-2	6.334320E+0	1.024600E+6
2.450010E+2	1.111587E+1	3.838000E-2	6.334040E+0	1.024600E+6
2.460014E+2	1.112372E+1	3.827000E-2	6.333440E+0	1.024600E+6
2.470013E+2	1.113905E+1	3.853000E-2	6.332270E+0	1.024600E+6
2.480011E+2	1.113289E+1	3.837000E-2	6.332740E+0	1.024600E+6
2.490013E+2	1.114785E+1	3.858000E-2	6.331600E+0	1.024600E+6
2.500013E+2	1.115415E+1	3.841000E-2	6.331120E+0	1.024600E+6
2.510013E+2	1.115770E+1	3.863000E-2	6.330850E+0	1.024600E+6
2.520011E+2	1.116850E+1	3.851000E-2	6.330030E+0	1.024600E+6
2.530009E+2	1.117469E+1	3.862000E-2	6.329560E+0	1.024600E+6
2.540014E+2	1.119225E+1	3.857000E-2	6.328230E+0	1.024600E+6
2.550013E+2	1.123761E+1	3.841000E-2	6.324810E+0	1.024600E+6
2.560011E+2	1.125066E+1	3.856000E-2	6.323830E+0	1.024600E+6
2.570007E+2	1.127269E+1	3.850000E-2	6.322180E+0	1.024600E+6
2.580008E+2	1.128795E+1	3.854000E-2	6.321040E+0	1.024600E+6
2.590006E+2	1.130715E+1	3.844000E-2	6.319610E+0	1.024600E+6
2.600007E+2	1.132087E+1	3.828000E-2	6.318590E+0	1.024600E+6
2.610010E+2	1.133489E+1	3.831000E-2	6.317550E+0	1.024600E+6
2.620010E+2	1.134353E+1	3.829000E-2	6.316910E+0	1.024600E+6
2.630005E+2	1.136437E+1	3.846000E-2	6.315370E+0	1.024600E+6
2.640003E+2	1.138798E+1	3.854000E-2	6.313630E+0	1.024600E+6
2.650011E+2	1.140827E+1	3.845000E-2	6.312140E+0	1.024600E+6
2.660010E+2	1.144066E+1	3.815000E-2	6.309770E+0	1.024600E+6
2.670005E+2	1.146495E+1	3.827000E-2	6.308000E+0	1.024600E+6
2.680006E+2	1.149208E+1	3.829000E-2	6.306030E+0	1.024600E+6
2.690010E+2	1.153873E+1	3.824000E-2	6.302660E+0	1.024600E+6
2.700008E+2	1.158527E+1	3.841000E-2	6.299320E+0	1.024600E+6
2.710003E+2	1.164029E+1	3.817000E-2	6.295400E+0	1.024600E+6
2.720008E+2	1.170922E+1	3.829000E-2	6.290530E+0	1.024600E+6
2.730004E+2	1.174816E+1	3.826000E-2	6.287800E+0	1.024600E+6
2.740006E+2	1.179622E+1	3.807000E-2	6.284450E+0	1.024600E+6
2.750000E+2	1.184923E+1	3.811000E-2	6.280780E+0	1.024600E+6
2.760008E+2	1.190614E+1	3.833000E-2	6.276870E+0	1.024600E+6
2.770006E+2	1.194526E+1	3.816000E-2	6.274200E+0	1.024600E+6
2.780006E+2	1.199079E+1	3.826000E-2	6.271110E+0	1.024600E+6
2.790005E+2	1.201700E+1	3.827000E-2	6.269340E+0	1.024600E+6
2.800018E+2	1.205446E+1	3.819000E-2	6.266820E+0	1.024600E+6
2.810017E+2	1.207940E+1	3.851000E-2	6.265150E+0	1.024600E+6
2.820020E+2	1.211072E+1	3.849000E-2	6.263060E+0	1.024600E+6
2.830023E+2	1.214384E+1	3.844000E-2	6.260860E+0	1.024600E+6
2.840025E+2	1.217983E+1	3.845000E-2	6.258480E+0	1.024600E+6
2.850020E+2	1.222147E+1	3.848000E-2	6.255740E+0	1.024600E+6
2.860024E+2	1.224345E+1	3.841000E-2	6.254300E+0	1.024600E+6
2.870018E+2	1.229344E+1	3.837000E-2	6.251040E+0	1.024600E+6
2.880023E+2	1.235725E+1	3.822000E-2	6.246910E+0	1.024600E+6
2.890023E+2	1.240861E+1	3.833000E-2	6.243610E+0	1.024600E+6
2.900023E+2	1.247213E+1	3.839000E-2	6.239560E+0	1.024600E+6
2.910036E+2	1.254315E+1	3.831000E-2	6.235070E+0	1.024600E+6
2.920027E+2	1.263024E+1	3.824000E-2	6.229620E+0	1.024600E+6
2.930035E+2	1.270840E+1	3.847000E-2	6.224780E+0	1.024600E+6
2.940035E+2	1.280801E+1	3.855000E-2	6.218680E+0	1.024600E+6
2.950035E+2	1.289675E+1	3.864000E-2	6.213310E+0	1.024600E+6
2.960030E+2	1.300784E+1	3.866000E-2	6.206670E+0	1.024600E+6
2.970030E+2	1.311722E+1	3.855000E-2	6.200220E+0	1.024600E+6
2.980026E+2	1.323743E+1	3.828000E-2	6.193230E+0	1.024600E+6
2.990026E+2	1.334325E+1	3.852000E-2	6.187160E+0	1.024600E+6
3.000033E+2	1.347321E+1	3.851000E-2	6.179810E+0	1.024600E+6
3.010029E+2	1.358080E+1	3.858000E-2	6.173810E+0	1.024600E+6
3.020033E+2	1.366896E+1	3.852000E-2	6.168950E+0	1.024600E+6
3.030032E+2	1.374808E+1	3.851000E-2	6.164630E+0	1.024600E+6
3.040026E+2	1.382869E+1	3.857000E-2	6.160270E+0	1.024600E+6
3.050029E+2	1.388944E+1	3.862000E-2	6.157010E+0	1.024600E+6
3.060038E+2	1.394536E+1	3.850000E-2	6.154030E+0	1.024600E+6
3.070037E+2	1.401034E+1	3.873000E-2	6.150590E+0	1.024600E+6
3.080040E+2	1.405807E+1	3.844000E-2	6.148080E+0	1.024600E+6
3.090042E+2	1.410605E+1	3.850000E-2	6.145570E+0	1.024600E+6
3.100051E+2	1.414639E+1	3.856000E-2	6.143470E+0	1.024600E+6
3.110050E+2	1.418421E+1	3.858000E-2	6.141510E+0	1.024600E+6
3.120045E+2	1.426033E+1	3.840000E-2	6.137590E+0	1.024600E+6
3.130049E+2	1.425546E+1	3.834000E-2	6.137840E+0	1.024600E+6
3.140050E+2	1.428220E+1	3.848000E-2	6.136470E+0	1.024600E+6
3.150050E+2	1.437060E+1	3.847000E-2	6.131970E+0	1.024600E+6
3.160055E+2	1.439016E+1	3.841000E-2	6.130980E+0	1.024600E+6
3.170054E+2	1.439511E+1	3.854000E-2	6.130730E+0	1.024600E+6
3.180056E+2	1.449002E+1	3.844000E-2	6.125960E+0	1.024600E+6
3.190058E+2	1.452649E+1	3.848000E-2	6.124140E+0	1.024600E+6
3.200051E+2	1.461061E+1	3.851000E-2	6.119970E+0	1.024600E+6
3.210051E+2	1.470922E+1	3.867000E-2	6.115130E+0	1.024600E+6
3.220050E+2	1.482794E+1	3.862000E-2	6.109370E+0	1.024600E+6
3.230051E+2	1.492845E+1	3.857000E-2	6.104550E+0	1.024600E+6
3.240053E+2	1.503640E+1	3.852000E-2	6.099430E+0	1.024600E+6
3.250053E+2	1.514259E+1	3.858000E-2	6.094450E+0	1.024600E+6
3.260051E+2	1.523804E+1	3.859000E-2	6.090020E+0	1.024600E+6
3.270056E+2	1.532854E+1	3.880000E-2	6.085860E+0	1.024600E+6
3.280053E+2	1.543954E+1	3.869000E-2	6.080810E+0	1.024600E+6
3.290051E+2	1.553193E+1	3.861000E-2	6.076650E+0	1.024600E+6
3.300056E+2	1.564143E+1	3.875000E-2	6.071770E+0	1.024600E+6
3.310053E+2	1.571729E+1	3.858000E-2	6.068420E+0	1.024600E+6
3.320047E+2	1.580657E+1	3.874000E-2	6.064510E+0	1.024600E+6
3.330047E+2	1.588878E+1	3.869000E-2	6.060940E+0	1.024600E+6
3.340047E+2	1.595117E+1	3.884000E-2	6.058250E+0	1.024600E+6
3.350046E+2	1.601957E+1	3.891000E-2	6.055320E+0	1.024600E+6
3.360052E+2	1.607994E+1	3.877000E-2	6.052750E+0	1.024600E+6
3.370051E+2	1.612929E+1	3.877000E-2	6.050660E+0	1.024600E+6
3.380049E+2	1.619484E+1	3.889000E-2	6.047900E+0	1.024600E+6
3.390050E+2	1.625193E+1	3.875000E-2	6.045510E+0	1.024600E+6
3.400045E+2	1.629490E+1	3.904000E-2	6.043720E+0	1.024600E+6
3.410052E+2	1.632235E+1	3.892000E-2	6.042580E+0	1.024600E+6
3.420044E+2	1.636125E+1	3.913000E-2	6.040970E+0	1.024600E+6
3.430050E+2	1.640394E+1	3.912000E-2	6.039210E+0	1.024600E+6
3.440043E+2	1.644217E+1	3.903000E-2	6.037640E+0	1.024600E+6
3.450045E+2	1.647393E+1	3.916000E-2	6.036340E+0	1.024600E+6
3.460044E+2	1.650774E+1	3.912000E-2	6.034960E+0	1.024600E+6
3.470047E+2	1.655744E+1	3.910000E-2	6.032940E+0	1.024600E+6
3.480045E+2	1.648886E+1	3.900000E-2	6.035730E+0	1.024600E+6
3.490048E+2	1.622227E+1	3.882000E-2	6.046750E+0	1.024600E+6
3.500047E+2	1.605029E+1	3.884000E-2	6.054010E+0	1.024600E+6
3.510043E+2	1.580749E+1	3.855000E-2	6.064470E+0	1.024600E+6
3.520046E+2	1.556367E+1	3.861000E-2	6.075230E+0	1.024600E+6
3.530050E+2	1.530148E+1	3.864000E-2	6.087100E+0	1.024600E+6
3.540044E+2	1.508658E+1	3.875000E-2	6.097070E+0	1.024600E+6
3.550047E+2	1.493999E+1	3.836000E-2	6.104000E+0	1.024600E+6
3.560044E+2	1.486806E+1	3.856000E-2	6.107440E+0	1.024600E+6
3.570043E+2	1.496479E+1	3.861000E-2	6.102820E+0	1.024600E+6
3.580041E+2	1.511903E+1	3.871000E-2	6.095550E+0	1.024600E+6
3.590047E+2	1.534429E+1	3.859000E-2	6.085140E+0	1.024600E+6
3.600042E+2	1.552257E+1	3.881000E-2	6.077070E+0	1.024600E+6
3.610043E+2	1.569209E+1	3.879000E-2	6.069530E+0	1.024600E+6
3.620044E+2	1.585785E+1	3.890000E-2	6.062280E+0	1.024600E+6
3.630044E+2	1.600810E+1	3.870000E-2	6.055810E+0	1.024600E+6
3.640048E+2	1.612693E+1	3.881000E-2	6.050760E+0	1.024600E+6
3.650050E+2	1.626199E+1	3.881000E-2	6.045090E+0	1.024600E+6
3.660057E+2	1.637724E+1	3.877000E-2	6.040310E+0	1.024600E+6
3.670058E+2	1.647858E+1	3.876000E-2	6.036150E+0	1.024600E+6
3.680066E+2	1.660985E+1	3.892000E-2	6.030820E+0	1.024600E+6
3.690066E+2	1.679029E+1	3.870000E-2	6.023600E+0	1.024600E+6
3.700058E+2	1.700485E+1	3.914000E-2	6.015170E+0	1.024600E+6
3.710065E+2	1.723027E+1	3.914000E-2	6.006490E+0	1.024600E+6
3.720061E+2	1.746035E+1	3.917000E-2	5.997810E+0	1.024600E+6
3.730064E+2	1.767037E+1	3.919000E-2	5.990040E+0	1.024600E+6
3.740065E+2	1.787988E+1	3.924000E-2	5.982430E+0	1.024600E+6
3.750062E+2	1.805935E+1	3.925000E-2	5.976020E+0	1.024600E+6
3.760056E+2	1.823703E+1	3.944000E-2	5.969770E+0	1.024600E+6
3.770057E+2	1.840201E+1	3.949000E-2	5.964050E+0	1.024600E+6
3.780054E+2	1.856695E+1	3.958000E-2	5.958410E+0	1.024600E+6
3.790062E+2	1.871568E+1	3.949000E-2	5.953390E+0	1.024600E+6
3.800062E+2	1.887107E+1	3.961000E-2	5.948210E+0	1.024600E+6
3.810056E+2	1.898481E+1	3.965000E-2	5.944460E+0	1.024600E+6
3.820062E+2	1.913409E+1	3.971000E-2	5.939590E+0	1.024600E+6
3.830061E+2	1.931456E+1	3.973000E-2	5.933780E+0	1.024600E+6
3.840057E+2	1.934870E+1	3.963000E-2	5.932690E+0	1.024600E+6
3.850057E+2	1.946816E+1	3.976000E-2	5.928900E+0	1.024600E+6
3.860060E+2	1.956415E+1	3.983000E-2	5.925880E+0	1.024600E+6
3.870056E+2	1.971531E+1	3.997000E-2	5.921170E+0	1.024600E+6
3.880052E+2	1.978978E+1	4.011000E-2	5.918870E+0	1.024600E+6
3.890061E+2	1.983336E+1	3.996000E-2	5.917530E+0	1.024600E+6
3.900057E+2	1.993179E+1	3.997000E-2	5.914520E+0	1.024600E+6
3.910052E+2	2.000817E+1	4.002000E-2	5.912200E+0	1.024600E+6
3.920055E+2	2.010494E+1	3.996000E-2	5.909280E+0	1.024600E+6
3.930055E+2	2.016963E+1	4.006000E-2	5.907340E+0	1.024600E+6
3.940059E+2	2.023195E+1	4.005000E-2	5.905480E+0	1.024600E+6
3.950058E+2	2.028039E+1	4.020000E-2	5.904040E+0	1.024600E+6
3.960069E+2	2.032766E+1	4.032000E-2	5.902640E+0	1.024600E+6
3.970064E+2	2.040909E+1	4.023000E-2	5.900240E+0	1.024600E+6
3.980075E+2	2.047220E+1	4.028000E-2	5.898390E+0	1.024600E+6
3.990070E+2	2.051158E+1	4.040000E-2	5.897240E+0	1.024600E+6
4.000075E+2	2.057103E+1	4.039000E-2	5.895510E+0	1.024600E+6
4.010074E+2	2.059378E+1	4.016000E-2	5.894850E+0	1.024600E+6
4.020076E+2	2.065187E+1	4.031000E-2	5.893170E+0	1.024600E+6
4.030074E+2	2.068379E+1	4.045000E-2	5.892250E+0	1.024600E+6
4.040074E+2	2.075901E+1	4.030000E-2	5.890090E+0	1.024600E+6
4.050076E+2	2.083149E+1	4.028000E-2	5.888020E+0	1.024600E+6
4.060087E+2	2.090859E+1	4.062000E-2	5.885830E+0	1.024600E+6
4.070078E+2	2.106482E+1	4.068000E-2	5.881430E+0	1.024600E+6
4.080077E+2	2.124957E+1	4.072000E-2	5.876290E+0	1.024600E+6
4.090085E+2	2.143789E+1	4.090000E-2	5.871120E+0	1.024600E+6
4.100081E+2	2.162540E+1	4.112000E-2	5.866040E+0	1.024600E+6
4.110081E+2	2.181916E+1	4.119000E-2	5.860860E+0	1.024600E+6
4.120087E+2	2.203351E+1	4.127000E-2	5.855210E+0	1.024600E+6
4.130086E+2	2.218256E+1	4.125000E-2	5.851330E+0	1.024600E+6
4.140090E+2	2.238549E+1	4.163000E-2	5.846110E+0	1.024600E+6
4.150089E+2	2.259759E+1	4.173000E-2	5.840730E+0	1.024600E+6
4.160090E+2	2.274641E+1	4.209000E-2	5.837000E+0	1.024600E+6
4.170092E+2	2.288741E+1	4.211000E-2	5.833500E+0	1.024600E+6
4.180085E+2	2.304770E+1	4.228000E-2	5.829560E+0	1.024600E+6
4.190085E+2	2.324362E+1	4.229000E-2	5.824800E+0	1.024600E+6
4.200084E+2	2.334001E+1	4.256000E-2	5.822480E+0	1.024600E+6
4.210089E+2	2.348489E+1	4.258000E-2	5.819020E+0	1.024600E+6
4.220087E+2	2.365236E+1	4.265000E-2	5.815060E+0	1.024600E+6
4.230086E+2	2.374661E+1	4.269000E-2	5.812850E+0	1.024600E+6
4.240083E+2	2.391343E+1	4.277000E-2	5.808970E+0	1.024600E+6
4.250091E+2	2.400575E+1	4.302000E-2	5.806840E+0	1.024600E+6
4.260086E+2	2.413845E+1	4.322000E-2	5.803800E+0	1.024600E+6
4.270088E+2	2.423208E+1	4.320000E-2	5.801670E+0	1.024600E+6
4.280085E+2	2.434977E+1	4.345000E-2	5.799010E+0	1.024600E+6
4.290087E+2	2.443436E+1	4.341000E-2	5.797110E+0	1.024600E+6
4.300083E+2	2.456791E+1	4.361000E-2	5.794130E+0	1.024600E+6
4.310082E+2	2.466042E+1	4.376000E-2	5.792080E+0	1.024600E+6
4.320084E+2	2.473252E+1	4.396000E-2	5.790490E+0	1.024600E+6
4.330087E+2	2.486531E+1	4.408000E-2	5.787580E+0	1.024600E+6
4.340085E+2	2.490797E+1	4.405000E-2	5.786650E+0	1.024600E+6
4.350089E+2	2.502226E+1	4.402000E-2	5.784170E+0	1.024600E+6
4.360084E+2	2.509642E+1	4.414000E-2	5.782570E+0	1.024600E+6
4.370082E+2	2.515784E+1	4.454000E-2	5.781250E+0	1.024600E+6
4.380079E+2	2.522791E+1	4.454000E-2	5.779750E+0	1.024600E+6
4.390085E+2	2.528793E+1	4.469000E-2	5.778470E+0	1.024600E+6
4.400085E+2	2.535288E+1	4.459000E-2	5.777090E+0	1.024600E+6
4.410083E+2	2.538782E+1	4.462000E-2	5.776350E+0	1.024600E+6
4.420087E+2	2.550636E+1	4.486000E-2	5.773850E+0	1.024600E+6
4.430086E+2	2.554065E+1	4.484000E-2	5.773130E+0	1.024600E+6
4.440088E+2	2.560417E+1	4.477000E-2	5.771800E+0	1.024600E+6
4.450090E+2	2.562045E+1	4.501000E-2	5.771460E+0	1.024600E+6
4.460090E+2	2.574447E+1	4.510000E-2	5.768880E+0	1.024600E+6
4.470106E+2	2.573675E+1	4.525000E-2	5.769040E+0	1.024600E+6
4.480106E+2	2.577295E+1	4.528000E-2	5.768290E+0	1.024600E+6
4.490105E+2	2.581988E+1	4.527000E-2	5.767320E+0	1.024600E+6
4.500110E+2	2.588639E+1	4.512000E-2	5.765950E+0	1.024600E+6
4.510105E+2	2.598833E+1	4.529000E-2	5.763860E+0	1.024600E+6
4.520106E+2	2.606088E+1	4.548000E-2	5.762380E+0	1.012760E+6
4.530114E+2	2.611303E+1	4.533000E-2	5.761320E+0	9.594720E+5
4.540115E+2	2.621333E+1	4.556000E-2	5.759290E+0	9.034890E+5
4.550119E+2	2.633265E+1	4.558000E-2	5.756890E+0	8.508800E+5
4.560122E+2	2.638610E+1	4.583000E-2	5.755820E+0	7.989790E+5
4.570117E+2	2.645377E+1	4.603000E-2	5.754470E+0	7.558820E+5
4.580120E+2	2.654895E+1	4.614000E-2	5.752580E+0	7.152760E+5
4.590121E+2	2.664615E+1	4.619000E-2	5.750660E+0	6.712550E+5
4.600123E+2	2.673367E+1	4.654000E-2	5.748940E+0	6.306350E+5
4.610131E+2	2.682470E+1	4.666000E-2	5.747160E+0	5.866550E+5
4.620130E+2	2.692855E+1	4.664000E-2	5.745140E+0	5.557760E+5
4.630124E+2	2.702212E+1	4.695000E-2	5.743330E+0	5.153730E+5
4.640126E+2	2.708805E+1	4.695000E-2	5.742060E+0	4.828600E+5
4.650129E+2	2.722535E+1	4.723000E-2	5.739430E+0	4.512350E+5
4.660123E+2	2.730991E+1	4.744000E-2	5.737820E+0	4.298540E+5
4.670132E+2	2.740649E+1	4.766000E-2	5.735990E+0	3.972980E+5
4.680138E+2	2.746957E+1	4.776000E-2	5.734800E+0	3.771800E+5
4.690136E+2	2.761776E+1	4.801000E-2	5.732020E+0	3.545360E+5
4.700139E+2	2.769713E+1	4.797000E-2	5.730540E+0	3.315210E+5
4.710135E+2	2.778440E+1	4.824000E-2	5.728920E+0	3.079220E+5
4.720139E+2	2.789813E+1	4.850000E-2	5.726820E+0	2.842370E+5
4.730133E+2	2.803824E+1	4.875000E-2	5.724250E+0	2.707390E+5
4.740135E+2	2.811610E+1	4.913000E-2	5.722830E+0	2.528840E+5
4.750134E+2	2.825506E+1	4.921000E-2	5.720310E+0	2.357580E+5
4.760135E+2	2.836440E+1	4.968000E-2	5.718340E+0	2.200050E+5
4.770129E+2	2.847603E+1	4.992000E-2	5.716340E+0	2.057230E+5
4.780134E+2	2.857424E+1	4.992000E-2	5.714590E+0	1.932730E+5
4.790138E+2	2.869615E+1	5.033000E-2	5.712430E+0	1.814410E+5
4.800133E+2	2.879605E+1	5.029000E-2	5.710670E+0	1.706010E+5
4.810138E+2	2.887245E+1	5.050000E-2	5.709330E+0	1.606550E+5
4.820135E+2	2.901348E+1	5.099000E-2	5.706870E+0	1.516320E+5
4.830136E+2	2.913989E+1	5.100000E-2	5.704680E+0	1.433620E+5
4.840132E+2	2.920194E+1	5.127000E-2	5.703610E+0	1.356060E+5
4.850136E+2	2.928284E+1	5.154000E-2	5.702220E+0	1.283440E+5
4.860132E+2	2.942153E+1	5.168000E-2	5.699850E+0	1.215210E+5
4.870131E+2	2.952633E+1	5.190000E-2	5.698070E+0	1.151220E+5
4.880129E+2	2.963108E+1	5.257000E-2	5.696300E+0	1.093900E+5
4.890133E+2	2.969051E+1	5.267000E-2	5.695300E+0	1.038060E+5
4.900134E+2	2.980210E+1	5.282000E-2	5.693430E+0	9.856900E+4
4.910133E+2	2.989806E+1	5.305000E-2	5.691830E+0	9.373500E+4
4.920127E+2	2.998119E+1	5.327000E-2	5.690450E+0	8.922400E+4
4.930134E+2	3.007618E+1	5.342000E-2	5.688880E+0	8.502700E+4
4.940134E+2	3.019111E+1	5.362000E-2	5.686990E+0	8.114800E+4
4.950125E+2	3.028340E+1	5.375000E-2	5.685480E+0	7.754600E+4
4.960133E+2	3.039641E+1	5.416000E-2	5.683640E+0	7.420200E+4
4.970133E+2	3.047353E+1	5.449000E-2	5.682390E+0	7.110400E+4
4.980133E+2	3.048961E+1	5.464000E-2	5.682130E+0	6.838200E+4
4.990131E+2	3.062677E+1	5.470000E-2	5.679920E+0	6.568700E+4
5.000131E+2	3.077925E+1	5.491000E-2	5.677480E+0	6.316400E+4
5.010132E+2	3.083703E+1	5.516000E-2	5.676560E+0	6.084500E+4
5.020131E+2	3.082886E+1	5.543000E-2	5.676690E+0	5.864400E+4
5.030132E+2	3.097838E+1	5.573000E-2	5.674320E+0	5.662000E+4
5.040124E+2	3.104432E+1	5.598000E-2	5.673280E+0	5.472600E+4
5.050122E+2	3.104750E+1	5.605000E-2	5.673230E+0	5.295500E+4
5.060122E+2	3.117363E+1	5.643000E-2	5.671250E+0	5.130300E+4
5.070130E+2	3.119409E+1	5.658000E-2	5.670930E+0	4.975200E+4
5.080140E+2	3.122352E+1	5.681000E-2	5.670470E+0	4.831500E+4
5.090140E+2	3.137003E+1	5.701000E-2	5.668190E+0	4.704100E+4
5.100138E+2	3.140553E+1	5.720000E-2	5.667640E+0	4.579300E+4
5.110138E+2	3.146438E+1	5.732000E-2	5.666730E+0	4.457000E+4
5.120138E+2	3.152209E+1	5.760000E-2	5.665840E+0	4.345900E+4
5.130139E+2	3.157670E+1	5.764000E-2	5.665000E+0	4.236400E+4
5.140148E+2	3.161318E+1	5.771000E-2	5.664440E+0	4.138400E+4
5.150149E+2	3.167195E+1	5.809000E-2	5.663540E+0	4.042600E+4
5.160145E+2	3.173611E+1	5.822000E-2	5.662560E+0	3.948400E+4
5.170144E+2	3.180836E+1	5.833000E-2	5.661460E+0	3.863100E+4
5.180143E+2	3.182021E+1	5.833000E-2	5.661280E+0	3.781500E+4
5.190147E+2	3.189207E+1	5.886000E-2	5.660190E+0	3.705900E+4
5.200140E+2	3.196351E+1	5.881000E-2	5.659110E+0	3.633100E+4
5.210147E+2	3.196020E+1	5.914000E-2	5.659160E+0	3.562800E+4
5.220147E+2	3.202987E+1	5.917000E-2	5.658110E+0	3.491200E+4
5.230147E+2	3.208643E+1	5.957000E-2	5.657260E+0	3.408200E+4
5.240147E+2	3.216920E+1	5.956000E-2	5.656020E+0	3.312700E+4
5.250148E+2	3.228385E+1	5.970000E-2	5.654310E+0	3.205700E+4
5.260148E+2	3.233769E+1	6.010000E-2	5.653510E+0	3.093000E+4
5.270155E+2	3.246269E+1	6.031000E-2	5.651660E+0	2.975500E+4
5.280152E+2	3.258295E+1	6.067000E-2	5.649890E+0	2.859300E+4
5.290151E+2	3.269769E+1	6.088000E-2	5.648210E+0	2.750900E+4
5.300153E+2	3.282816E+1	6.127000E-2	5.646310E+0	2.639000E+4
5.310150E+2	3.296701E+1	6.167000E-2	5.644300E+0	2.529700E+4
5.320146E+2	3.307257E+1	6.220000E-2	5.642780E+0	2.427400E+4
5.330153E+2	3.316883E+1	6.251000E-2	5.641400E+0	2.330200E+4
5.340153E+2	3.336187E+1	6.285000E-2	5.638650E+0	2.238500E+4
5.350150E+2	3.343671E+1	6.325000E-2	5.637590E+0	2.151200E+4
5.360149E+2	3.358214E+1	6.393000E-2	5.635540E+0	2.069300E+4
5.370149E+2	3.363700E+1	6.433000E-2	5.634770E+0	1.992700E+4
5.380149E+2	3.377005E+1	6.472000E-2	5.632910E+0	1.920900E+4
5.390150E+2	3.386854E+1	6.513000E-2	5.631540E+0	1.855800E+4
5.400151E+2	3.398698E+1	6.554000E-2	5.629900E+0	1.792200E+4
5.410148E+2	3.409656E+1	6.595000E-2	5.628390E+0	1.732600E+4
5.420160E+2	3.423956E+1	6.632000E-2	5.626430E+0	1.676900E+4
5.430160E+2	3.431726E+1	6.687000E-2	5.625370E+0	1.624100E+4
5.440160E+2	3.441437E+1	6.734000E-2	5.624050E+0	1.574600E+4
5.450160E+2	3.456004E+1	6.750000E-2	5.622080E+0	1.528900E+4
5.460152E+2	3.462019E+1	6.801000E-2	5.621270E+0	1.485800E+4
5.470159E+2	3.471704E+1	6.845000E-2	5.619970E+0	1.445400E+4
5.480158E+2	3.482928E+1	6.904000E-2	5.618470E+0	1.407000E+4
5.490156E+2	3.491569E+1	6.923000E-2	5.617320E+0	1.372900E+4
5.500157E+2	3.500240E+1	6.979000E-2	5.616170E+0	1.339100E+4
5.510153E+2	3.508488E+1	7.014000E-2	5.615080E+0	1.307500E+4
5.520155E+2	3.521635E+1	7.054000E-2	5.613350E+0	1.277900E+4
5.530157E+2	3.525143E+1	7.110000E-2	5.612890E+0	1.249200E+4
5.540156E+2	3.539377E+1	7.128000E-2	5.611030E+0	1.221800E+4
5.550154E+2	3.541681E+1	7.175000E-2	5.610730E+0	1.197300E+4
5.560154E+2	3.547681E+1	7.210000E-2	5.609950E+0	1.173500E+4
5.570156E+2	3.561040E+1	7.246000E-2	5.608220E+0	1.150700E+4
5.580155E+2	3.565379E+1	7.281000E-2	5.607660E+0	1.128800E+4
5.590157E+2	3.576807E+1	7.326000E-2	5.606190E+0	1.109900E+4
5.600151E+2	3.585393E+1	7.361000E-2	5.605090E+0	1.090400E+4
5.610157E+2	3.594323E+1	7.389000E-2	5.603950E+0	1.072000E+4
5.620151E+2	3.595814E+1	7.441000E-2	5.603760E+0	1.054300E+4
5.630155E+2	3.602969E+1	7.468000E-2	5.602850E+0	1.038200E+4
5.640155E+2	3.612989E+1	7.512000E-2	5.601580E+0	1.022200E+4
5.650156E+2	3.615599E+1	7.510000E-2	5.601250E+0	1.007100E+4
5.660152E+2	3.625192E+1	7.571000E-2	5.600040E+0	9.942000E+3
5.670161E+2	3.632272E+1	7.604000E-2	5.599150E+0	9.813000E+3
5.680165E+2	3.635779E+1	7.621000E-2	5.598710E+0	9.665000E+3
5.690158E+2	3.644969E+1	7.657000E-2	5.597560E+0	9.545000E+3
5.700162E+2	3.652184E+1	7.709000E-2	5.596660E+0	9.434000E+3
5.710157E+2	3.656684E+1	7.709000E-2	5.596100E+0	9.335000E+3
5.720163E+2	3.661997E+1	7.760000E-2	5.595440E+0	9.212000E+3
5.730154E+2	3.667726E+1	7.768000E-2	5.594730E+0	9.103000E+3
5.740154E+2	3.673062E+1	7.813000E-2	5.594070E+0	9.010000E+3
5.750162E+2	3.680195E+1	7.816000E-2	5.593190E+0	8.902000E+3
5.760155E+2	3.685883E+1	7.848000E-2	5.592490E+0	8.814000E+3
5.770160E+2	3.690279E+1	7.901000E-2	5.591950E+0	8.740000E+3
5.780159E+2	3.695091E+1	7.897000E-2	5.591360E+0	8.656000E+3
5.790160E+2	3.697133E+1	7.927000E-2	5.591110E+0	8.577000E+3
5.800155E+2	3.703186E+1	7.946000E-2	5.590370E+0	8.501000E+3
5.810155E+2	3.710238E+1	7.979000E-2	5.589510E+0	8.426000E+3
5.820159E+2	3.710320E+1	8.007000E-2	5.589500E+0	8.347000E+3
5.830160E+2	3.719451E+1	8.034000E-2	5.588390E+0	8.273000E+3
5.840160E+2	3.727209E+1	8.069000E-2	5.587450E+0	8.211000E+3
5.850155E+2	3.728118E+1	8.063000E-2	5.587340E+0	8.149000E+3
5.860158E+2	3.730020E+1	8.083000E-2	5.587110E+0	8.080000E+3
5.870159E+2	3.738640E+1	8.108000E-2	5.586070E+0	8.023000E+3
5.880157E+2	3.736316E+1	8.137000E-2	5.586350E+0	7.963000E+3
5.890152E+2	3.743708E+1	8.165000E-2	5.585460E+0	7.913000E+3
5.900157E+2	3.733332E+1	8.171000E-2	5.586710E+0	7.847000E+3
5.910158E+2	3.761149E+1	8.211000E-2	5.583370E+0	7.808000E+3
5.920159E+2	3.752540E+1	8.200000E-2	5.584400E+0	7.757000E+3
5.930154E+2	3.771804E+1	8.250000E-2	5.582100E+0	7.707000E+3
5.940158E+2	3.762154E+1	8.278000E-2	5.583250E+0	7.658000E+3
5.950154E+2	3.764082E+1	8.274000E-2	5.583020E+0	7.612000E+3
5.960156E+2	3.764752E+1	8.310000E-2	5.582940E+0	7.570000E+3
5.970154E+2	3.767856E+1	8.304000E-2	5.582570E+0	7.515000E+3
5.980167E+2	3.775590E+1	8.329000E-2	5.581650E+0	7.478000E+3
5.990160E+2	3.783262E+1	8.345000E-2	5.580740E+0	7.441000E+3
6.000167E+2	3.777864E+1	8.360000E-2	5.581380E+0	7.405000E+3
6.010165E+2	3.784191E+1	8.390000E-2	5.580630E+0	7.362000E+3
6.020166E+2	3.791211E+1	8.395000E-2	5.579800E+0	7.324000E+3
6.030166E+2	3.787318E+1	8.414000E-2	5.580260E+0	7.288000E+3
6.040158E+2	3.796975E+1	8.430000E-2	5.579120E+0	7.253000E+3
6.050164E+2	3.796636E+1	8.461000E-2	5.579160E+0	7.222000E+3
6.060164E+2	3.790618E+1	8.464000E-2	5.579870E+0	7.190000E+3
6.070160E+2	3.801732E+1	8.494000E-2	5.578560E+0	7.158000E+3
6.080164E+2	3.802753E+1	8.516000E-2	5.578440E+0	7.122000E+3
6.090163E+2	3.810077E+1	8.531000E-2	5.577580E+0	7.084000E+3
6.100158E+2	3.813405E+1	8.545000E-2	5.577190E+0	7.038000E+3
6.110163E+2	3.824358E+1	8.564000E-2	5.575910E+0	6.998000E+3
6.120162E+2	3.815712E+1	8.578000E-2	5.576920E+0	6.947000E+3
6.130163E+2	3.824443E+1	8.616000E-2	5.575900E+0	6.902000E+3
6.140163E+2	3.831484E+1	8.628000E-2	5.575080E+0	6.849000E+3
6.150161E+2	3.838198E+1	8.645000E-2	5.574300E+0	6.794000E+3
6.160160E+2	3.843287E+1	8.691000E-2	5.573710E+0	6.738000E+3
6.170156E+2	3.851243E+1	8.730000E-2	5.572790E+0	6.686000E+3
6.180154E+2	3.850377E+1	8.746000E-2	5.572890E+0	6.630000E+3
6.190162E+2	3.856097E+1	8.777000E-2	5.572230E+0	6.579000E+3
6.200171E+2	3.861916E+1	8.818000E-2	5.571560E+0	6.528000E+3
6.210167E+2	3.870798E+1	8.841000E-2	5.570540E+0	6.472000E+3
6.220171E+2	3.874028E+1	8.868000E-2	5.570170E+0	6.419000E+3
6.230179E+2	3.878048E+1	8.912000E-2	5.569710E+0	6.356000E+3
6.240181E+2	3.925956E+1	8.938000E-2	5.564280E+0	6.321000E+3
6.250176E+2	3.874814E+1	9.006000E-2	5.570080E+0	6.250000E+3
6.260171E+2	3.960254E+1	9.029000E-2	5.560450E+0	6.195000E+3
6.270174E+2	3.885668E+1	9.063000E-2	5.568840E+0	6.151000E+3
6.280178E+2	3.898414E+1	9.095000E-2	5.567390E+0	6.128000E+3
6.290180E+2	3.847349E+1	9.129000E-2	5.573240E+0	6.021000E+3
6.300179E+2	3.979150E+1	9.168000E-2	5.558360E+0	5.982000E+3
6.310173E+2	3.951797E+1	9.219000E-2	5.561390E+0	5.934000E+3
6.320173E+2	3.961065E+1	9.254000E-2	5.560360E+0	5.918000E+3
6.330172E+2	3.922576E+1	9.283000E-2	5.564660E+0	5.846000E+3
6.340175E+2	3.948565E+1	9.322000E-2	5.561750E+0	5.793000E+3
6.350179E+2	3.960074E+1	9.387000E-2	5.560470E+0	5.750000E+3
6.360182E+2	3.961696E+1	9.414000E-2	5.560290E+0	5.702000E+3
6.370186E+2	3.970274E+1	9.461000E-2	5.559340E+0	5.653000E+3
6.380182E+2	3.975252E+1	9.494000E-2	5.558790E+0	5.607000E+3
6.390179E+2	3.983872E+1	9.537000E-2	5.557840E+0	5.562000E+3
6.400186E+2	3.985326E+1	9.594000E-2	5.557680E+0	5.517000E+3
6.410181E+2	3.995254E+1	9.615000E-2	5.556590E+0	5.471000E+3
6.420186E+2	4.004667E+1	9.678000E-2	5.555560E+0	5.425000E+3
6.430187E+2	4.010257E+1	9.713000E-2	5.554950E+0	5.373000E+3
6.440189E+2	4.021377E+1	9.782000E-2	5.553740E+0	5.318000E+3
6.450191E+2	4.027462E+1	9.825000E-2	5.553080E+0	5.262000E+3
6.460191E+2	4.034669E+1	9.883000E-2	5.552300E+0	5.203000E+3
6.470193E+2	4.049046E+1	9.948000E-2	5.550750E+0	5.141000E+3
6.480193E+2	4.059479E+1	1.003500E-1	5.549630E+0	5.077000E+3
6.490194E+2	4.069951E+1	1.009200E-1	5.548510E+0	5.018000E+3
6.500190E+2	4.081871E+1	1.018500E-1	5.547240E+0	4.948000E+3
6.510192E+2	4.066768E+1	1.025500E-1	5.548850E+0	4.894000E+3
6.520194E+2	4.104344E+1	1.030800E-1	5.544860E+0	4.850000E+3
6.530185E+2	4.109087E+1	1.033900E-1	5.544360E+0	4.821000E+3
6.540184E+2	4.108328E+1	1.034700E-1	5.544440E+0	4.810000E+3
6.550187E+2	4.103586E+1	1.034700E-1	5.544940E+0	4.818000E+3
6.560186E+2	4.098094E+1	1.035900E-1	5.545520E+0	4.837000E+3
6.570192E+2	4.091292E+1	1.034900E-1	5.546240E+0	4.868000E+3
6.580192E+2	4.077548E+1	1.030900E-1	5.547700E+0	4.916000E+3
6.590187E+2	4.066300E+1	1.026400E-1	5.548900E+0	4.963000E+3
6.600184E+2	4.056588E+1	1.021600E-1	5.549940E+0	5.010000E+3
6.610187E+2	4.046722E+1	1.017200E-1	5.551000E+0	5.054000E+3
6.620191E+2	4.042637E+1	1.014900E-1	5.551440E+0	5.084000E+3
6.630185E+2	4.038187E+1	1.011000E-1	5.551920E+0	5.103000E+3
6.640186E+2	4.043472E+1	1.013200E-1	5.551350E+0	5.096000E+3
6.650181E+2	4.057147E+1	1.016500E-1	5.549880E+0	5.060000E+3
6.660181E+2	4.072293E+1	1.023300E-1	5.548260E+0	4.991000E+3
6.670187E+2	4.091387E+1	1.033000E-1	5.546230E+0	4.899000E+3
6.680183E+2	4.115931E+1	1.045000E-1	5.543640E+0	4.781000E+3
6.690188E+2	4.152707E+1	1.061300E-1	5.539800E+0	4.645000E+3
6.700184E+2	4.186535E+1	1.080000E-1	5.536310E+0	4.495000E+3
6.710186E+2	4.225886E+1	1.102200E-1	5.532300E+0	4.343000E+3
6.720182E+2	4.267964E+1	1.128100E-1	5.528070E+0	4.196000E+3
6.730182E+2	4.313481E+1	1.157600E-1	5.523560E+0	4.040000E+3
6.740179E+2	4.355146E+1	1.188300E-1	5.519490E+0	3.888000E+3
6.750187E+2	4.405331E+1	1.219300E-1	5.514660E+0	3.740000E+3
6.760188E+2	4.457184E+1	1.254700E-1	5.509750E+0	3.599000E+3
6.770183E+2	4.502870E+1	1.294000E-1	5.505490E+0	3.468000E+3
6.780187E+2	4.551299E+1	1.331900E-1	5.501040E+0	3.348000E+3
6.790187E+2	4.604582E+1	1.369200E-1	5.496220E+0	3.238000E+3
6.800192E+2	4.646756E+1	1.408900E-1	5.492460E+0	3.137000E+3
6.810189E+2	4.690045E+1	1.446300E-1	5.488650E+0	3.045000E+3
6.820191E+2	4.722102E+1	1.486700E-1	5.485860E+0	2.969000E+3
6.830192E+2	4.760767E+1	1.523600E-1	5.482530E+0	2.894000E+3
6.840194E+2	4.795862E+1	1.560900E-1	5.479540E+0	2.826000E+3
6.850193E+2	4.834538E+1	1.598900E-1	5.476280E+0	2.766000E+3
6.860188E+2	4.869792E+1	1.636800E-1	5.473340E+0	2.708000E+3
6.870186E+2	4.896529E+1	1.670200E-1	5.471130E+0	2.655000E+3
6.880195E+2	4.926777E+1	1.706700E-1	5.468650E+0	2.606000E+3
6.890186E+2	4.954568E+1	1.739300E-1	5.466390E+0	2.559000E+3
6.900185E+2	4.981707E+1	1.771800E-1	5.464200E+0	2.518000E+3
6.910187E+2	5.010182E+1	1.805400E-1	5.461920E+0	2.479000E+3
6.920187E+2	5.030804E+1	1.837200E-1	5.460280E+0	2.445000E+3
6.930187E+2	5.061068E+1	1.867800E-1	5.457890E+0	2.411000E+3
6.940190E+2	5.078147E+1	1.898400E-1	5.456550E+0	2.383000E+3
6.950193E+2	5.096205E+1	1.925700E-1	5.455140E+0	2.359000E+3
6.960183E+2	5.113449E+1	1.948500E-1	5.453800E+0	2.339000E+3
6.970191E+2	5.131163E+1	1.973600E-1	5.452430E+0	2.319000E+3
6.980185E+2	5.136221E+1	1.992800E-1	5.452040E+0	2.303000E+3
6.990183E+2	5.144536E+1	2.008400E-1	5.451400E+0	2.291000E+3
7.000190E+2	5.150004E+1	2.024800E-1	5.450980E+0	2.280000E+3
7.010191E+2	5.156653E+1	2.039300E-1	5.450470E+0	2.271000E+3
7.020182E+2	5.162139E+1	2.050300E-1	5.450050E+0	2.264000E+3
7.030186E+2	5.167763E+1	2.061300E-1	5.449620E+0	2.259000E+3
7.040187E+2	5.164753E+1	2.070500E-1	5.449850E+0	2.255000E+3
7.050185E+2	5.163969E+1	2.076700E-1	5.449910E+0	2.252000E+3
7.060186E+2	5.166978E+1	2.083400E-1	5.449680E+0	2.248000E+3
7.070187E+2	5.168025E+1	2.086400E-1	5.449600E+0	2.249000E+3
7.080184E+2	5.153392E+1	2.091600E-1	5.450720E+0	2.250000E+3
7.090185E+2	5.154566E+1	2.093500E-1	5.450630E+0	2.252000E+3
7.100186E+2	5.154566E+1	2.094200E-1	5.450630E+0	2.253000E+3
7.110183E+2	5.153653E+1	2.095600E-1	5.450700E+0	2.256000E+3
7.120182E+2	5.150004E+1	2.093500E-1	5.450980E+0	2.258000E+3
7.130181E+2	5.146098E+1	2.093600E-1	5.451280E+0	2.260000E+3
7.140185E+2	5.139727E+1	2.092100E-1	5.451770E+0	2.261000E+3
7.150182E+2	5.145057E+1	2.091700E-1	5.451360E+0	2.261000E+3
7.160184E+2	5.143106E+1	2.094500E-1	5.451510E+0	2.258000E+3
7.170180E+2	5.151828E+1	2.095500E-1	5.450840E+0	2.258000E+3
7.180186E+2	5.159134E+1	2.097300E-1	5.450280E+0	2.255000E+3
7.190184E+2	5.159656E+1	2.101400E-1	5.450240E+0	2.253000E+3
7.200182E+2	5.161485E+1	2.101800E-1	5.450100E+0	2.247000E+3
7.210185E+2	5.166192E+1	2.106600E-1	5.449740E+0	2.245000E+3
7.220185E+2	5.173133E+1	2.110300E-1	5.449210E+0	2.239000E+3
7.230179E+2	5.175493E+1	2.117100E-1	5.449030E+0	2.225000E+3
7.240177E+2	5.190608E+1	2.124100E-1	5.447880E+0	2.221000E+3
7.250181E+2	5.195220E+1	2.130000E-1	5.447530E+0	2.212000E+3
7.260176E+2	5.167108E+1	2.137500E-1	5.449670E+0	2.201000E+3
7.270180E+2	5.210415E+1	2.148200E-1	5.446380E+0	2.192000E+3
7.280182E+2	5.234854E+1	2.158900E-1	5.444540E+0	2.180000E+3
7.290183E+2	5.247668E+1	2.168900E-1	5.443580E+0	2.168000E+3
7.300185E+2	5.258916E+1	2.182900E-1	5.442740E+0	2.153000E+3
7.310192E+2	5.278680E+1	2.197200E-1	5.441270E+0	2.138000E+3
7.320192E+2	5.299225E+1	2.213000E-1	5.439750E+0	2.122000E+3
7.330185E+2	5.311850E+1	2.232300E-1	5.438820E+0	2.106000E+3
7.340190E+2	5.330387E+1	2.251300E-1	5.437460E+0	2.085000E+3
7.350189E+2	5.353685E+1	2.274700E-1	5.435760E+0	2.066000E+3
7.360188E+2	5.382797E+1	2.297100E-1	5.433650E+0	2.047000E+3
7.370192E+2	5.400008E+1	2.321600E-1	5.432410E+0	2.025000E+3
7.380201E+2	5.431713E+1	2.347400E-1	5.430140E+0	2.002000E+3
7.390192E+2	5.454356E+1	2.373500E-1	5.428530E+0	1.979000E+3
7.400198E+2	5.473442E+1	2.401400E-1	5.427180E+0	1.957000E+3
7.410197E+2	5.509747E+1	2.432700E-1	5.424630E+0	1.937000E+3
7.420195E+2	5.534998E+1	2.463400E-1	5.422870E+0	1.914000E+3
7.430195E+2	5.557948E+1	2.494000E-1	5.421280E+0	1.895000E+3
7.440195E+2	5.582922E+1	2.526900E-1	5.419560E+0	1.874000E+3
7.450196E+2	5.604974E+1	2.557600E-1	5.418050E+0	1.855000E+3
7.460194E+2	5.634073E+1	2.589900E-1	5.416070E+0	1.836000E+3
7.470197E+2	5.657739E+1	2.618800E-1	5.414470E+0	1.818000E+3
7.480197E+2	5.682736E+1	2.653100E-1	5.412790E+0	1.800000E+3
7.490203E+2	5.705633E+1	2.681500E-1	5.411260E+0	1.782000E+3
7.500201E+2	5.727450E+1	2.710800E-1	5.409810E+0	1.765000E+3
7.510201E+2	5.758644E+1	2.742200E-1	5.407750E+0	1.750000E+3
7.520202E+2	5.776465E+1	2.774300E-1	5.406580E+0	1.733000E+3
7.530206E+2	5.790990E+1	2.805700E-1	5.405630E+0	1.720000E+3
7.540201E+2	5.831002E+1	2.834100E-1	5.403030E+0	1.706000E+3
7.550205E+2	5.823432E+1	2.866000E-1	5.403520E+0	1.689000E+3
7.560202E+2	5.842459E+1	2.894200E-1	5.402290E+0	1.672000E+3
7.570204E+2	5.869990E+1	2.923800E-1	5.400520E+0	1.660000E+3
7.580201E+2	5.878737E+1	2.951100E-1	5.399960E+0	1.647000E+3
7.590202E+2	5.899740E+1	2.980600E-1	5.398620E+0	1.632000E+3
7.600196E+2	5.922900E+1	3.007700E-1	5.397150E+0	1.621000E+3
7.610205E+2	5.937300E+1	3.034300E-1	5.396240E+0	1.612000E+3
7.620213E+2	5.960981E+1	3.063500E-1	5.394750E+0	1.604000E+3
7.630212E+2	5.982709E+1	3.091400E-1	5.393390E+0	1.593000E+3
7.640206E+2	5.983189E+1	3.119500E-1	5.393360E+0	1.583000E+3
7.650208E+2	6.005028E+1	3.143300E-1	5.392000E+0	1.572000E+3
7.660208E+2	6.023904E+1	3.170700E-1	5.390830E+0	1.563000E+3
7.670212E+2	6.042373E+1	3.197500E-1	5.389690E+0	1.554000E+3
7.680209E+2	6.061410E+1	3.225300E-1	5.388520E+0	1.543000E+3
7.690202E+2	6.071531E+1	3.249500E-1	5.387900E+0	1.532000E+3
7.700206E+2	6.082330E+1	3.274800E-1	5.387240E+0	1.521000E+3
7.710207E+2	6.112247E+1	3.298800E-1	5.385420E+0	1.509000E+3
7.720203E+2	6.127280E+1	3.322200E-1	5.384510E+0	1.498000E+3
7.730209E+2	6.135231E+1	3.348700E-1	5.384030E+0	1.489000E+3
7.740201E+2	6.158166E+1	3.372600E-1	5.382650E+0	1.480000E+3
7.750201E+2	6.164669E+1	3.394400E-1	5.382260E+0	1.471000E+3
7.760206E+2	6.175529E+1	3.416000E-1	5.381610E+0	1.460000E+3
7.770205E+2	6.189769E+1	3.438600E-1	5.380760E+0	1.451000E+3
7.780206E+2	6.242085E+1	3.462900E-1	5.377660E+0	1.445000E+3
7.790208E+2	6.227173E+1	3.487100E-1	5.378540E+0	1.436000E+3
7.800199E+2	6.235471E+1	3.508100E-1	5.378050E+0	1.428000E+3
7.810199E+2	6.241746E+1	3.529800E-1	5.377680E+0	1.430000E+3
7.820198E+2	6.252621E+1	3.551700E-1	5.377040E+0	1.430000E+3
7.830200E+2	6.270690E+1	3.574100E-1	5.375980E+0	1.425000E+3
7.840205E+2	6.290545E+1	3.592600E-1	5.374820E+0	1.419000E+3
7.850206E+2	6.298099E+1	3.615700E-1	5.374380E+0	1.412000E+3
7.860214E+2	6.310314E+1	3.637100E-1	5.373670E+0	1.404000E+3
7.870213E+2	6.321007E+1	3.656600E-1	5.373050E+0	1.399000E+3
7.880207E+2	6.327746E+1	3.677600E-1	5.372660E+0	1.392000E+3
7.890212E+2	6.343336E+1	3.698200E-1	5.371760E+0	1.387000E+3
7.900213E+2	6.362286E+1	3.716300E-1	5.370670E+0	1.381000E+3
7.910205E+2	6.376243E+1	3.734400E-1	5.369870E+0	1.375000E+3
7.920208E+2	6.383238E+1	3.753300E-1	5.369470E+0	1.369000E+3
7.930214E+2	6.385338E+1	3.774300E-1	5.369350E+0	1.363000E+3
7.940223E+2	6.411321E+1	3.792900E-1	5.367870E+0	1.358000E+3
7.950233E+2	6.413786E+1	3.811600E-1	5.367730E+0	1.353000E+3
7.960230E+2	6.424719E+1	3.829800E-1	5.367110E+0	1.347000E+3
7.970237E+2	6.440989E+1	3.846600E-1	5.366190E+0	1.343000E+3
7.980238E+2	6.448435E+1	3.865600E-1	5.365770E+0	1.338000E+3
7.990238E+2	6.472984E+1	3.884700E-1	5.364390E+0	1.332000E+3
8.090237E+2	7.036589E+1	4.052000E-1	1.719710E+1	1.285000E+3
8.100239E+2	7.047369E+1	4.066100E-1	1.724420E+1	1.279000E+3
8.110246E+2	7.057463E+1	4.081100E-1	1.728830E+1	1.275000E+3
8.120246E+2	7.067671E+1	4.096700E-1	1.733290E+1	1.271000E+3
8.130246E+2	7.077810E+1	4.109900E-1	1.737720E+1	1.267000E+3
8.140243E+2	7.087538E+1	4.124500E-1	1.741970E+1	1.264000E+3
8.150240E+2	7.097540E+1	4.138400E-1	1.746340E+1	1.261000E+3
8.160241E+2	7.107358E+1	4.154300E-1	1.750630E+1	1.256000E+3
8.170238E+2	7.117200E+1	4.169800E-1	1.754930E+1	1.252000E+3
8.180241E+2	7.126378E+1	4.183400E-1	1.758940E+1	1.249000E+3
8.190244E+2	7.135808E+1	4.197500E-1	1.763060E+1	1.246000E+3
8.200245E+2	7.145307E+1	4.211500E-1	1.767210E+1	1.242000E+3
8.210245E+2	7.154347E+1	4.225000E-1	1.771160E+1	1.239000E+3
8.220248E+2	7.163388E+1	4.238700E-1	1.775110E+1	1.236000E+3
8.230246E+2	7.172612E+1	4.251100E-1	1.779140E+1	1.232000E+3
8.240248E+2	7.181653E+1	4.265100E-1	1.783090E+1	1.228000E+3
8.250244E+2	7.190258E+1	4.278800E-1	1.786850E+1	1.225000E+3
8.260244E+2	7.198979E+1	4.288600E-1	1.790660E+1	1.221000E+3
8.270248E+2	7.207676E+1	4.302000E-1	1.794460E+1	1.217000E+3
8.280246E+2	7.216213E+1	4.317400E-1	1.798190E+1	1.213000E+3
8.290244E+2	7.224750E+1	4.329000E-1	1.801920E+1	1.209000E+3
8.300243E+2	7.232921E+1	4.342500E-1	1.805490E+1	1.205000E+3
8.310243E+2	7.241504E+1	4.355600E-1	1.809240E+1	1.204000E+3
8.320248E+2	7.249561E+1	4.364600E-1	1.812760E+1	1.202000E+3
8.330245E+2	7.257549E+1	4.378400E-1	1.816250E+1	1.197000E+3
8.340244E+2	7.265399E+1	4.389800E-1	1.819680E+1	1.193000E+3
8.350244E+2	7.273547E+1	4.400900E-1	1.823240E+1	1.188000E+3
8.360244E+2	7.281444E+1	4.411700E-1	1.826690E+1	1.189000E+3
8.370244E+2	7.289157E+1	4.424400E-1	1.830060E+1	1.186000E+3
8.380248E+2	7.296687E+1	4.438000E-1	1.833350E+1	1.186000E+3
8.390246E+2	7.304492E+1	4.446800E-1	1.836760E+1	1.182000E+3
8.400244E+2	7.311976E+1	4.451100E-1	1.840030E+1	1.179000E+3
8.410247E+2	7.319232E+1	4.460800E-1	1.843200E+1	1.175000E+3
8.420242E+2	7.326647E+1	4.468900E-1	1.846440E+1	1.172000E+3
8.430241E+2	7.333537E+1	4.489100E-1	1.849450E+1	1.169000E+3
8.440243E+2	7.341158E+1	4.501200E-1	1.852780E+1	1.167000E+3
8.450246E+2	7.348414E+1	4.512900E-1	1.855950E+1	1.162000E+3
8.460244E+2	7.355692E+1	4.523500E-1	1.859130E+1	1.161000E+3
8.470241E+2	7.362833E+1	4.526200E-1	1.862250E+1	1.159000E+3
8.480247E+2	7.369402E+1	4.537000E-1	1.865120E+1	1.157000E+3
8.490252E+2	7.376177E+1	4.552000E-1	1.868080E+1	1.155000E+3
8.500251E+2	7.383272E+1	4.561100E-1	1.871180E+1	1.153000E+3
8.510249E+2	7.389978E+1	4.572200E-1	1.874110E+1	1.152000E+3
8.520247E+2	7.396524E+1	4.583900E-1	1.876970E+1	1.149000E+3
8.530248E+2	7.403093E+1	4.593600E-1	1.879840E+1	1.146000E+3
8.540250E+2	7.409730E+1	4.602400E-1	1.882740E+1	1.144000E+3
8.550250E+2	7.416437E+1	4.611700E-1	1.885670E+1	1.141000E+3
8.560244E+2	7.422502E+1	4.623000E-1	1.888320E+1	1.140000E+3
8.570250E+2	7.428956E+1	4.630400E-1	1.891140E+1	1.137000E+3
8.580248E+2	7.434930E+1	4.639800E-1	1.893750E+1	1.133000E+3
8.590249E+2	7.441384E+1	4.649200E-1	1.896570E+1	1.130000E+3
8.600252E+2	7.447427E+1	4.658700E-1	1.899210E+1	1.125000E+3
8.610250E+2	7.453584E+1	4.666500E-1	1.901900E+1	1.120000E+3
8.620248E+2	7.459535E+1	4.675300E-1	1.904500E+1	1.117000E+3
8.630248E+2	7.465623E+1	4.682200E-1	1.907160E+1	1.112000E+3
8.640248E+2	7.471345E+1	4.692500E-1	1.909660E+1	1.108000E+3
8.650245E+2	7.477433E+1	4.702800E-1	1.912320E+1	1.105000E+3
8.660243E+2	7.483132E+1	4.709600E-1	1.914810E+1	1.103000E+3
8.670248E+2	7.488671E+1	4.716500E-1	1.917230E+1	1.101000E+3
8.680246E+2	7.494393E+1	4.726500E-1	1.919730E+1	1.104000E+3
8.690246E+2	7.499955E+1	4.736000E-1	1.922160E+1	1.108000E+3
8.700242E+2	7.505516E+1	4.742400E-1	1.924590E+1	1.108000E+3
8.710240E+2	7.511193E+1	4.751700E-1	1.927070E+1	1.106000E+3
8.720243E+2	7.516663E+1	4.759200E-1	1.929460E+1	1.106000E+3
8.730244E+2	7.522019E+1	4.766600E-1	1.931800E+1	1.103000E+3
8.740245E+2	7.527489E+1	4.772600E-1	1.934190E+1	1.098000E+3
8.750243E+2	7.532707E+1	4.781300E-1	1.936470E+1	1.099000E+3
8.760241E+2	7.537720E+1	4.789500E-1	1.938660E+1	1.098000E+3
8.770246E+2	7.543007E+1	4.796900E-1	1.940970E+1	1.096000E+3
8.780247E+2	7.548248E+1	4.800900E-1	1.943260E+1	1.094000E+3
8.790253E+2	7.553238E+1	4.805800E-1	1.945440E+1	1.092000E+3
8.800252E+2	7.558342E+1	4.810200E-1	1.947670E+1	1.091000E+3
8.810254E+2	7.563079E+1	4.820000E-1	1.949740E+1	1.090000E+3
8.820252E+2	7.568138E+1	4.828100E-1	1.951950E+1	1.088000E+3
8.830251E+2	7.572875E+1	4.839000E-1	1.954020E+1	1.087000E+3
8.840252E+2	7.577865E+1	4.850800E-1	1.956200E+1	1.087000E+3
8.850253E+2	7.583198E+1	4.855000E-1	1.958530E+1	1.085000E+3
8.860252E+2	7.587615E+1	4.861600E-1	1.960460E+1	1.083000E+3
8.870254E+2	7.592330E+1	4.871100E-1	1.962520E+1	1.081000E+3
8.880249E+2	7.597159E+1	4.878900E-1	1.964630E+1	1.080000E+3
8.890252E+2	7.601783E+1	4.886000E-1	1.966650E+1	1.079000E+3
8.900252E+2	7.606521E+1	4.892800E-1	1.968720E+1	1.079000E+3
8.910243E+2	7.610984E+1	4.899200E-1	1.970670E+1	1.075000E+3
8.920246E+2	7.615561E+1	4.901800E-1	1.972670E+1	1.075000E+3
8.930248E+2	7.620139E+1	4.910400E-1	1.974670E+1	1.074000E+3
8.940248E+2	7.624442E+1	4.914300E-1	1.976550E+1	1.072000E+3
8.950247E+2	7.628676E+1	4.922600E-1	1.978400E+1	1.071000E+3
8.960250E+2	7.633116E+1	4.929600E-1	1.980340E+1	1.070000E+3
8.970250E+2	7.637374E+1	4.935700E-1	1.982200E+1	1.069000E+3
8.980248E+2	7.641745E+1	4.941500E-1	1.984110E+1	1.067000E+3
8.990248E+2	7.646117E+1	4.947700E-1	1.986020E+1	1.066000E+3
9.000250E+2	7.650237E+1	4.954200E-1	1.987820E+1	1.065000E+3
9.010244E+2	7.654333E+1	4.959700E-1	1.989610E+1	1.064000E+3
9.020246E+2	7.658385E+1	4.966200E-1	1.991380E+1	1.062000E+3
9.030245E+2	7.662596E+1	4.969300E-1	1.993220E+1	1.061000E+3
9.040239E+2	7.666487E+1	4.974800E-1	1.994920E+1	1.059000E+3
9.050239E+2	7.670538E+1	4.978500E-1	1.996690E+1	1.057000E+3
9.060245E+2	7.674383E+1	4.982300E-1	1.998370E+1	1.056000E+3
9.070243E+2	7.678228E+1	4.988000E-1	2.000050E+1	1.054000E+3
9.080246E+2	7.682211E+1	4.993700E-1	2.001790E+1	1.053000E+3
9.090242E+2	7.686056E+1	4.998900E-1	2.003470E+1	1.051000E+3
9.100246E+2	7.689993E+1	5.002500E-1	2.005190E+1	1.050000E+3
9.110242E+2	7.693495E+1	5.006600E-1	2.006720E+1	1.048000E+3
9.120244E+2	7.697386E+1	5.006900E-1	2.008420E+1	1.047000E+3
9.130239E+2	7.700659E+1	5.009100E-1	2.009850E+1	1.046000E+3
9.140245E+2	7.704298E+1	5.014500E-1	2.011440E+1	1.044000E+3
9.150243E+2	7.708006E+1	5.019400E-1	2.013060E+1	1.043000E+3
9.160244E+2	7.711622E+1	5.027400E-1	2.014640E+1	1.042000E+3
9.170244E+2	7.715124E+1	5.034100E-1	2.016170E+1	1.042000E+3
9.180236E+2	7.719038E+1	5.039800E-1	2.017880E+1	1.040000E+3
9.190241E+2	7.722402E+1	5.048900E-1	2.019350E+1	1.038000E+3
9.200244E+2	7.725973E+1	5.051700E-1	2.020910E+1	1.039000E+3
9.210242E+2	7.729360E+1	5.056800E-1	2.022390E+1	1.039000E+3
9.220239E+2	7.732953E+1	5.062300E-1	2.023960E+1	1.038000E+3
9.230240E+2	7.736387E+1	5.066900E-1	2.025460E+1	1.037000E+3
9.240236E+2	7.739591E+1	5.073400E-1	2.026860E+1	1.036000E+3
9.250233E+2	7.743024E+1	5.078100E-1	2.028360E+1	1.034000E+3
9.260238E+2	7.746068E+1	5.084100E-1	2.029690E+1	1.033000E+3
9.270239E+2	7.749478E+1	5.090900E-1	2.031180E+1	1.033000E+3
9.280238E+2	7.752706E+1	5.095300E-1	2.032590E+1	1.033000E+3
9.290239E+2	7.755818E+1	5.098200E-1	2.033950E+1	1.031000E+3
9.300240E+2	7.759229E+1	5.100200E-1	2.035440E+1	1.031000E+3
9.310234E+2	7.762364E+1	5.105800E-1	2.036810E+1	1.030000E+3
9.320237E+2	7.765248E+1	5.110300E-1	2.038070E+1	1.029000E+3
9.330236E+2	7.768430E+1	5.114700E-1	2.039460E+1	1.028000E+3
9.340236E+2	7.771405E+1	5.120900E-1	2.040760E+1	1.027000E+3
9.350238E+2	7.774426E+1	5.126500E-1	2.042080E+1	1.028000E+3
9.360232E+2	7.777516E+1	5.130400E-1	2.043430E+1	1.027000E+3
9.370235E+2	7.780514E+1	5.135300E-1	2.044740E+1	1.027000E+3
9.380235E+2	7.783375E+1	5.137800E-1	2.045990E+1	1.025000E+3
9.390234E+2	7.786351E+1	5.139600E-1	2.047290E+1	1.024000E+3
9.400230E+2	7.789097E+1	5.147100E-1	2.048490E+1	1.024000E+3
9.410227E+2	7.792050E+1	5.155500E-1	2.049780E+1	1.023000E+3
9.420235E+2	7.795025E+1	5.159600E-1	2.051080E+1	1.021000E+3
9.430236E+2	7.798047E+1	5.164900E-1	2.052400E+1	1.020000E+3
9.440235E+2	7.800610E+1	5.168600E-1	2.053520E+1	1.021000E+3
9.450231E+2	7.803425E+1	5.171400E-1	2.054750E+1	1.021000E+3
9.460235E+2	7.806469E+1	5.162200E-1	2.056080E+1	1.017000E+3
9.470228E+2	7.808529E+1	5.163200E-1	2.056980E+1	1.017000E+3
9.480231E+2	7.811001E+1	5.167900E-1	2.058060E+1	1.016000E+3
9.490231E+2	7.813793E+1	5.173600E-1	2.059280E+1	1.016000E+3
9.500226E+2	7.816448E+1	5.177400E-1	2.060440E+1	1.015000E+3
9.510229E+2	7.819103E+1	5.183800E-1	2.061600E+1	1.014000E+3
9.520231E+2	7.821758E+1	5.183400E-1	2.062760E+1	1.013000E+3
9.530230E+2	7.824024E+1	5.188700E-1	2.063750E+1	1.012000E+3
9.540233E+2	7.826862E+1	5.194600E-1	2.064990E+1	1.012000E+3
9.550232E+2	7.829426E+1	5.204100E-1	2.066110E+1	1.012000E+3
9.560225E+2	7.831944E+1	5.210000E-1	2.067210E+1	1.011000E+3
9.570223E+2	7.834530E+1	5.213900E-1	2.068340E+1	1.010000E+3
9.580227E+2	7.837093E+1	5.221400E-1	2.069460E+1	1.010000E+3
9.590227E+2	7.839657E+1	5.223800E-1	2.070580E+1	1.009000E+3
9.600226E+2	7.841877E+1	5.227000E-1	2.071550E+1	1.009000E+3
9.610228E+2	7.844532E+1	5.230600E-1	2.072710E+1	1.009000E+3
9.620229E+2	7.846729E+1	5.234800E-1	2.073670E+1	1.009000E+3
9.630222E+2	7.849018E+1	5.236100E-1	2.074670E+1	1.008000E+3
9.640225E+2	7.851513E+1	5.240500E-1	2.075760E+1	1.008000E+3
9.650229E+2	7.853847E+1	5.242900E-1	2.076780E+1	1.007000E+3
9.660225E+2	7.856022E+1	5.247600E-1	2.077730E+1	1.006000E+3
9.670228E+2	7.858700E+1	5.249800E-1	2.078900E+1	1.006000E+3
9.680221E+2	7.860782E+1	5.252700E-1	2.079810E+1	1.005000E+3
9.690226E+2	7.863025E+1	5.256300E-1	2.080790E+1	1.005000E+3
9.700266E+2	7.865131E+1	5.259000E-1	2.081710E+1	1.003000E+3
9.710264E+2	7.867397E+1	5.262400E-1	2.082700E+1	1.002000E+3
9.730259E+2	7.871563E+1	5.268700E-1	2.084520E+1	1.002000E+3
9.740266E+2	7.873439E+1	5.272200E-1	2.085340E+1	1.001000E+3
9.750263E+2	7.875728E+1	5.275600E-1	2.086340E+1	1.001000E+3
9.760266E+2	7.877880E+1	5.279200E-1	2.087280E+1	9.990000E+2
9.770269E+2	7.880100E+1	5.280700E-1	2.088250E+1	9.980000E+2
9.780273E+2	7.881977E+1	5.283900E-1	2.089070E+1	9.990000E+2
9.790265E+2	7.884014E+1	5.286800E-1	2.089960E+1	9.970000E+2
9.800266E+2	7.886165E+1	5.289600E-1	2.090900E+1	9.970000E+2
9.810274E+2	7.888362E+1	5.292600E-1	2.091860E+1	9.960000E+2
9.820273E+2	7.890102E+1	5.296200E-1	2.092620E+1	9.950000E+2
9.830273E+2	7.892047E+1	5.298600E-1	2.093470E+1	9.950000E+2
9.840267E+2	7.894176E+1	5.299600E-1	2.094400E+1	9.950000E+2
9.850265E+2	7.895869E+1	5.304300E-1	2.095140E+1	9.940000E+2
9.860272E+2	7.897998E+1	5.305500E-1	2.096070E+1	9.940000E+2
9.870268E+2	7.899829E+1	5.307700E-1	2.096870E+1	9.920000E+2
9.880266E+2	7.901614E+1	5.309100E-1	2.097650E+1	9.910000E+2
9.890266E+2	7.903285E+1	5.316000E-1	2.098380E+1	9.900000E+2
9.900267E+2	7.905368E+1	5.317400E-1	2.099290E+1	9.910000E+2
9.910268E+2	7.907176E+1	5.322100E-1	2.100080E+1	9.920000E+2
9.920270E+2	7.908847E+1	5.323400E-1	2.100810E+1	9.920000E+2
9.930269E+2	7.910609E+1	5.323800E-1	2.101580E+1	9.900000E+2
9.940262E+2	7.912486E+1	5.327200E-1	2.102400E+1	9.900000E+2
9.950269E+2	7.914180E+1	5.327600E-1	2.103140E+1	9.890000E+2
9.960260E+2	7.915919E+1	5.329000E-1	2.103900E+1	9.870000E+2
9.970262E+2	7.917590E+1	5.332600E-1	2.104630E+1	9.870000E+2
9.980263E+2	7.919375E+1	5.335000E-1	2.105410E+1	9.880000E+2
9.990260E+2	7.921183E+1	5.338400E-1	2.106200E+1	9.870000E+2
1.000026E+3	7.922763E+1	5.340900E-1	2.106890E+1	9.880000E+2
1.001027E+3	7.924502E+1	5.343400E-1	2.107650E+1	9.870000E+2
1.002026E+3	7.926242E+1	5.346100E-1	2.108410E+1	9.860000E+2
1.003026E+3	7.927844E+1	5.348000E-1	2.109110E+1	9.850000E+2
1.004027E+3	7.929217E+1	5.350700E-1	2.109710E+1	9.860000E+2
1.005027E+3	7.931002E+1	5.353900E-1	2.110490E+1	9.850000E+2
1.006026E+3	7.932421E+1	5.355800E-1	2.111110E+1	9.840000E+2
1.007026E+3	7.934298E+1	5.358900E-1	2.111930E+1	9.840000E+2
1.008026E+3	7.936106E+1	5.359400E-1	2.112720E+1	9.830000E+2
1.009026E+3	7.937274E+1	5.360400E-1	2.113230E+1	9.820000E+2
1.010026E+3	7.938784E+1	5.364500E-1	2.113890E+1	9.820000E+2
1.011026E+3	7.940409E+1	5.367100E-1	2.114600E+1	9.810000E+2
1.012026E+3	7.942057E+1	5.367700E-1	2.115320E+1	9.800000E+2
1.013026E+3	7.943568E+1	5.369800E-1	2.115980E+1	9.790000E+2
1.014026E+3	7.945101E+1	5.371800E-1	2.116650E+1	9.790000E+2
1.015025E+3	7.946475E+1	5.375000E-1	2.117250E+1	9.780000E+2
1.016026E+3	7.948031E+1	5.376700E-1	2.117930E+1	9.770000E+2
1.017026E+3	7.949336E+1	5.379900E-1	2.118500E+1	9.770000E+2
1.018026E+3	7.950938E+1	5.380400E-1	2.119200E+1	9.770000E+2
1.019026E+3	7.952425E+1	5.382400E-1	2.119850E+1	9.780000E+2
1.020026E+3	7.953822E+1	5.382900E-1	2.120460E+1	9.770000E+2
1.021026E+3	7.955012E+1	5.385900E-1	2.120980E+1	9.770000E+2
1.022025E+3	7.956568E+1	5.387300E-1	2.121660E+1	9.750000E+2
1.023026E+3	7.957804E+1	5.386500E-1	2.122200E+1	9.750000E+2
1.024026E+3	7.959292E+1	5.388300E-1	2.122850E+1	9.750000E+2
1.025026E+3	7.960665E+1	5.389500E-1	2.123450E+1	9.750000E+2
1.026026E+3	7.961764E+1	5.397100E-1	2.123930E+1	9.750000E+2
1.027026E+3	7.963343E+1	5.399000E-1	2.124620E+1	9.740000E+2
1.028026E+3	7.964487E+1	5.399200E-1	2.125120E+1	9.730000E+2
1.029025E+3	7.965884E+1	5.401400E-1	2.125730E+1	9.720000E+2
1.030026E+3	7.967280E+1	5.404600E-1	2.126340E+1	9.720000E+2
1.031025E+3	7.968447E+1	5.405500E-1	2.126850E+1	9.720000E+2
1.032026E+3	7.970186E+1	5.408500E-1	2.127610E+1	9.710000E+2
1.033026E+3	7.972567E+1	5.408300E-1	2.128650E+1	9.710000E+2
1.034025E+3	7.975657E+1	5.411100E-1	2.130000E+1	9.690000E+2
1.035025E+3	7.980486E+1	5.411500E-1	2.132110E+1	9.670000E+2
1.036025E+3	7.985933E+1	5.418100E-1	2.134490E+1	9.650000E+2
1.037025E+3	7.993212E+1	5.422800E-1	2.137670E+1	9.630000E+2
1.038025E+3	8.001612E+1	5.427500E-1	2.141340E+1	9.600000E+2
1.039025E+3	8.010584E+1	5.435800E-1	2.145260E+1	9.570000E+2
1.040026E+3	8.021089E+1	5.442700E-1	2.149850E+1	9.550000E+2
1.041025E+3	8.032144E+1	5.453400E-1	2.154680E+1	9.510000E+2
1.042026E+3	8.044206E+1	5.471500E-1	2.159950E+1	9.490000E+2
1.043026E+3	8.057138E+1	5.485600E-1	2.165600E+1	9.460000E+2
1.044026E+3	8.070458E+1	5.496700E-1	2.171420E+1	9.420000E+2
1.045026E+3	8.083756E+1	5.506400E-1	2.177230E+1	9.380000E+2
1.046026E+3	8.098176E+1	5.519700E-1	2.183530E+1	9.340000E+2
1.047026E+3	8.112503E+1	5.534600E-1	2.189790E+1	9.310000E+2
1.048026E+3	8.127541E+1	5.553300E-1	2.196360E+1	9.270000E+2
1.049026E+3	8.142715E+1	5.574400E-1	2.202990E+1	9.250000E+2
1.050026E+3	8.158829E+1	5.588600E-1	2.210030E+1	9.200000E+2
1.051026E+3	8.174919E+1	5.609600E-1	2.217060E+1	9.160000E+2
1.052026E+3	8.191421E+1	5.629700E-1	2.224270E+1	9.130000E+2
1.053026E+3	8.208266E+1	5.649700E-1	2.231630E+1	9.100000E+2
1.054025E+3	8.224929E+1	5.670700E-1	2.238910E+1	8.980000E+2
1.055026E+3	8.242049E+1	5.691100E-1	2.246390E+1	8.980000E+2
1.056026E+3	8.258940E+1	5.712800E-1	2.253770E+1	8.960000E+2
1.057026E+3	8.274206E+1	5.734200E-1	2.260440E+1	8.930000E+2
1.058026E+3	8.286703E+1	5.751300E-1	2.265900E+1	8.900000E+2
1.059026E+3	8.295378E+1	5.768500E-1	2.269690E+1	8.910000E+2
1.060026E+3	8.299429E+1	5.781900E-1	2.271460E+1	8.900000E+2
1.061027E+3	8.298513E+1	5.789300E-1	2.271060E+1	8.910000E+2
1.062027E+3	8.292746E+1	5.792600E-1	2.268540E+1	8.940000E+2
1.063026E+3	8.282744E+1	5.796500E-1	2.264170E+1	8.980000E+2
1.064027E+3	8.268484E+1	5.793000E-1	2.257940E+1	9.020000E+2
1.065026E+3	8.250929E+1	5.787200E-1	2.250270E+1	9.020000E+2
1.066026E+3	8.230445E+1	5.775000E-1	2.241320E+1	9.060000E+2
1.067026E+3	8.206252E+1	5.756300E-1	2.230750E+1	9.130000E+2
1.068026E+3	8.180389E+1	5.742500E-1	2.219450E+1	9.190000E+2
1.069027E+3	8.153290E+1	5.720800E-1	2.207610E+1	9.260000E+2
1.070027E+3	8.124680E+1	5.700200E-1	2.195110E+1	9.320000E+2
1.071026E+3	8.094491E+1	5.675600E-1	2.181920E+1	9.390000E+2
1.072026E+3	8.063798E+1	5.645600E-1	2.168510E+1	9.460000E+2
1.073026E+3	8.030885E+1	5.614600E-1	2.154130E+1	9.540000E+2
1.074026E+3	7.997881E+1	5.582900E-1	2.139710E+1	9.610000E+2
1.075026E+3	7.963320E+1	5.543500E-1	2.124610E+1	9.660000E+2
1.076026E+3	7.929652E+1	5.488400E-1	2.109900E+1	9.740000E+2
1.077026E+3	7.891704E+1	5.449000E-1	2.093320E+1	9.810000E+2
1.078026E+3	7.855198E+1	5.405400E-1	2.077370E+1	9.910000E+2
1.079026E+3	7.817753E+1	5.363900E-1	2.061010E+1	9.990000E+2
1.080026E+3	7.780492E+1	5.314700E-1	2.044730E+1	1.009000E+3
1.081026E+3	7.742910E+1	5.269200E-1	2.028310E+1	1.020000E+3
1.082026E+3	7.704664E+1	5.222900E-1	2.011600E+1	1.029000E+3
1.083026E+3	7.666876E+1	5.175300E-1	1.995090E+1	1.039000E+3
1.084027E+3	7.628699E+1	5.121900E-1	1.978410E+1	1.052000E+3
1.085026E+3	7.590202E+1	5.071100E-1	1.961590E+1	1.062000E+3
1.086026E+3	7.551704E+1	5.022200E-1	1.944770E+1	1.073000E+3
1.087026E+3	7.513916E+1	4.968700E-1	1.928260E+1	1.081000E+3
1.088026E+3	7.475785E+1	4.914900E-1	1.911600E+1	1.094000E+3
1.089026E+3	7.437699E+1	4.860100E-1	1.894960E+1	1.106000E+3
1.090026E+3	7.399568E+1	4.805500E-1	1.878300E+1	1.116000E+3
1.091026E+3	7.361803E+1	4.750900E-1	1.861800E+1	1.127000E+3
1.092026E+3	7.323970E+1	4.698100E-1	1.845270E+1	1.140000E+3
1.093026E+3	7.286571E+1	4.643500E-1	1.828930E+1	1.150000E+3
1.094026E+3	7.249126E+1	4.588700E-1	1.812570E+1	1.162000E+3
1.095027E+3	7.211521E+1	4.540500E-1	1.796140E+1	1.177000E+3
1.096027E+3	7.174901E+1	4.489400E-1	1.780140E+1	1.194000E+3
1.097027E+3	7.138394E+1	4.429400E-1	1.764190E+1	1.209000E+3
1.098027E+3	7.101453E+1	4.379400E-1	1.748050E+1	1.218000E+3
1.099027E+3	7.065542E+1	4.325300E-1	1.732360E+1	1.231000E+3
1.100026E+3	7.029356E+1	4.262700E-1	1.716550E+1	1.248000E+3
1.101027E+3	6.993216E+1	4.213100E-1	1.700760E+1	1.262000E+3
1.102027E+3	6.958129E+1	4.162800E-1	1.685430E+1	1.280000E+3
1.103027E+3	6.923157E+1	4.105400E-1	1.670150E+1	1.295000E+3
1.104028E+3	6.888207E+1	4.050800E-1	1.654880E+1	1.310000E+3
1.105028E+3	6.853966E+1	3.993300E-1	1.639920E+1	1.325000E+3
1.106028E+3	6.820321E+1	3.934500E-1	1.625220E+1	1.337000E+3
1.107028E+3	6.786768E+1	3.880900E-1	1.610560E+1	1.351000E+3
1.108027E+3	6.754313E+1	3.827000E-1	1.596380E+1	1.365000E+3
1.109027E+3	6.724238E+1	3.768800E-1	1.583240E+1	1.383000E+3
1.110028E+3	6.690364E+1	3.716200E-1	1.568440E+1	1.394000E+3
1.111027E+3	6.659946E+1	3.667400E-1	1.555150E+1	1.409000E+3
1.112028E+3	6.630352E+1	3.617700E-1	1.542220E+1	1.424000E+3
1.113027E+3	6.600781E+1	3.569400E-1	1.529300E+1	1.439000E+3
1.114027E+3	6.570775E+1	3.523700E-1	1.516190E+1	1.456000E+3
1.115028E+3	6.545575E+1	3.476600E-1	1.505180E+1	1.470000E+3
1.116028E+3	6.519025E+1	3.431800E-1	1.493580E+1	1.485000E+3
1.117028E+3	6.493322E+1	3.386100E-1	1.482350E+1	1.500000E+3
1.118028E+3	6.468488E+1	3.343100E-1	1.471500E+1	1.514000E+3
1.119028E+3	6.444319E+1	3.300000E-1	1.460940E+1	1.528000E+3
1.120028E+3	6.421088E+1	3.259100E-1	1.450790E+1	1.542000E+3
1.121028E+3	6.398452E+1	3.217000E-1	1.440900E+1	1.555000E+3
1.122029E+3	6.376365E+1	3.176700E-1	1.431250E+1	1.570000E+3
1.123028E+3	6.355033E+1	3.138000E-1	1.421930E+1	1.583000E+3
1.124028E+3	6.333770E+1	3.100100E-1	1.412640E+1	1.596000E+3
1.125028E+3	6.313125E+1	3.062300E-1	1.403620E+1	1.607000E+3
1.126028E+3	6.293510E+1	3.028300E-1	1.395050E+1	1.619000E+3
1.127028E+3	6.274720E+1	2.992900E-1	1.386840E+1	1.633000E+3
1.128028E+3	6.256432E+1	2.959600E-1	1.378850E+1	1.646000E+3
1.129028E+3	6.236954E+1	2.926500E-1	1.370340E+1	1.662000E+3
1.130028E+3	6.215280E+1	2.891600E-1	1.360870E+1	1.673000E+3
1.131028E+3	6.190584E+1	2.859700E-1	1.350080E+1	1.685000E+3
1.132028E+3	6.164308E+1	2.825100E-1	1.338600E+1	1.700000E+3
1.133028E+3	6.136889E+1	2.793400E-1	1.326620E+1	1.714000E+3
1.134028E+3	6.108324E+1	2.759500E-1	1.314140E+1	1.732000E+3
1.135028E+3	6.079211E+1	2.724700E-1	1.301420E+1	1.749000E+3
1.136028E+3	6.049113E+1	2.689000E-1	1.288270E+1	1.766000E+3
1.137028E+3	6.018512E+1	2.649900E-1	1.274900E+1	1.787000E+3
1.138027E+3	5.987202E+1	2.613200E-1	1.261220E+1	1.805000E+3
1.139028E+3	5.955662E+1	2.576300E-1	1.247440E+1	1.825000E+3
1.140028E+3	5.923573E+1	2.538000E-1	1.233420E+1	1.848000E+3
1.141028E+3	5.891393E+1	2.500100E-1	1.219360E+1	1.871000E+3
1.142027E+3	5.858938E+1	2.459900E-1	1.205180E+1	1.894000E+3
1.143027E+3	5.825934E+1	2.423300E-1	1.190760E+1	1.920000E+3
1.144028E+3	5.792883E+1	2.383100E-1	1.176320E+1	1.945000E+3
1.145028E+3	5.790206E+1	2.347200E-1	1.175150E+1	1.972000E+3
1.146028E+3	5.734222E+1	2.307600E-1	1.150690E+1	2.001000E+3
1.147028E+3	5.693481E+1	2.264500E-1	1.132890E+1	2.063000E+3
1.148027E+3	5.659928E+1	2.224400E-1	1.118230E+1	2.058000E+3
1.149027E+3	5.626649E+1	2.184500E-1	1.103690E+1	2.087000E+3
1.150028E+3	5.593804E+1	2.144200E-1	1.089340E+1	2.120000E+3
1.151027E+3	5.562974E+1	2.105800E-1	1.075870E+1	2.152000E+3
1.152027E+3	5.535555E+1	2.069300E-1	1.063890E+1	2.184000E+3
1.153027E+3	5.511294E+1	2.035200E-1	1.053290E+1	2.214000E+3
1.154028E+3	5.489848E+1	2.001100E-1	1.043920E+1	2.243000E+3
1.155027E+3	5.470645E+1	1.969600E-1	1.035530E+1	2.272000E+3
1.156028E+3	5.453158E+1	1.941700E-1	1.027890E+1	2.297000E+3
1.157028E+3	5.437663E+1	1.913500E-1	1.021120E+1	2.325000E+3
1.158027E+3	5.423313E+1	1.883300E-1	1.014850E+1	2.350000E+3
1.159027E+3	5.410083E+1	1.860200E-1	1.009070E+1	2.371000E+3
1.160028E+3	5.397609E+1	1.837700E-1	1.003620E+1	2.393000E+3
1.161027E+3	5.386303E+1	1.815300E-1	9.986800E+0	2.414000E+3
1.162027E+3	5.375683E+1	1.795400E-1	9.940400E+0	2.432000E+3
1.163027E+3	5.365727E+1	1.775900E-1	9.896900E+0	2.450000E+3
1.164027E+3	5.356571E+1	1.760600E-1	9.856900E+0	2.468000E+3
1.165027E+3	5.347782E+1	1.745500E-1	9.818500E+0	2.485000E+3
1.166027E+3	5.339817E+1	1.730900E-1	9.783700E+0	2.500000E+3
1.167027E+3	5.332974E+1	1.718100E-1	9.753800E+0	2.514000E+3
1.168027E+3	5.327069E+1	1.704800E-1	9.728000E+0	2.527000E+3
1.169027E+3	5.321530E+1	1.692400E-1	9.703800E+0	2.541000E+3
1.170026E+3	5.316151E+1	1.681100E-1	9.680300E+0	2.552000E+3
1.171027E+3	5.311024E+1	1.671300E-1	9.657900E+0	2.562000E+3
1.172027E+3	5.306447E+1	1.662700E-1	9.637900E+0	2.571000E+3
